47,100,27,81,57,37,26,0,0,23,56,53,100,90,40,98,8
48,96,62,65,88,27,21,0,21,33,79,67,100,100,0,85,8
73,62,53,100,0,72,82,39,100,0,15,14,52,57,90,94,8
61,59,58,100,0,84,44,42,80,0,8,5,33,44,100,70,8
32,59,53,100,100,95,79,46,48,0,93,19,58,55,0,63,8
57,63,100,100,0,91,36,53,95,16,2,0,5,36,91,67,8
100,79,67,100,26,76,41,38,47,0,0,8,38,38,96,58,8
94,79,40,100,13,65,59,30,67,0,0,17,45,52,100,83,8
0,82,75,56,100,12,22,0,22,41,92,73,84,100,2,80,8
42,83,60,53,89,11,13,0,0,33,77,57,100,92,18,100,8
0,88,24,68,76,33,43,0,29,32,84,66,100,100,8,89,8
100,89,40,83,63,40,84,0,0,7,53,53,80,100,3,78,8
0,79,51,59,100,29,51,0,22,26,51,60,73,94,9,100,8
54,93,0,88,54,46,70,0,5,9,54,52,100,96,7,100,8
58,100,0,89,44,53,100,21,63,0,62,36,87,80,25,91,8
78,85,65,66,100,25,49,0,15,29,58,67,66,100,0,84,8
84,93,20,100,22,50,44,0,0,22,54,59,100,95,27,97,8
95,68,77,100,21,76,60,38,68,0,0,15,29,53,100,81,8
0,67,38,66,62,30,38,0,8,30,45,63,100,90,58,100,8
100,75,95,100,24,81,38,44,69,8,0,0,45,33,96,64,8
100,100,14,90,74,55,79,97,37,62,0,39,36,0,39,44,8
86,100,0,95,32,56,100,22,30,0,5,36,80,68,52,99,8
0,68,73,45,100,8,20,0,37,38,92,72,85,100,7,81,8
56,83,28,61,90,23,24,0,22,40,100,72,72,100,0,72,8
76,85,0,100,16,63,81,31,69,0,6,25,34,64,100,95,8
41,53,60,100,100,89,70,42,33,0,72,16,54,62,0,72,8
92,65,50,100,0,82,47,46,87,6,42,0,54,45,100,79,8
9,32,60,62,80,100,6,93,36,56,100,27,57,0,0,25,8
0,78,40,100,97,78,69,39,44,0,100,7,35,37,22,73,8
55,76,22,68,66,29,39,0,52,32,100,68,69,100,0,86,8
24,66,100,89,30,66,88,32,34,0,0,34,61,72,77,100,8
93,100,5,96,42,65,85,32,58,0,0,14,36,47,100,74,8
86,79,47,100,18,62,65,27,66,0,0,3,46,39,100,71,8
86,78,48,100,14,72,19,35,2,0,0,29,49,59,100,88,8
100,100,26,97,1,66,45,33,29,0,0,26,38,61,87,93,8
73,98,0,95,16,60,84,29,70,0,45,35,100,69,88,100,8
100,66,56,100,23,73,77,34,65,0,0,24,55,58,73,77,8
39,76,74,40,83,2,11,0,50,35,100,67,73,100,0,81,8
72,83,49,100,61,58,82,17,0,0,25,33,100,61,75,92,8
31,93,12,78,71,36,31,0,21,33,100,65,69,100,0,78,8
64,100,34,73,100,39,94,3,0,0,38,38,90,74,76,95,8
77,60,77,100,10,90,15,49,40,8,0,0,32,34,100,55,8
33,76,48,100,100,97,74,50,44,4,77,0,39,40,0,79,8
86,71,72,100,32,75,55,35,42,0,0,17,48,45,100,70,8
53,79,44,55,22,10,0,0,32,36,66,69,100,100,61,83,8
0,12,50,48,84,87,24,100,29,65,100,35,84,0,9,11,8
45,70,77,35,58,0,0,10,48,42,100,71,84,100,26,81,8
99,68,58,100,0,78,47,42,100,9,39,0,47,41,100,73,8
13,95,17,66,83,35,77,0,0,14,42,49,100,81,34,100,8
38,63,74,100,11,86,34,43,67,0,0,7,27,48,100,76,8
100,97,40,100,0,65,35,27,39,0,40,38,87,73,87,100,8
76,70,32,100,10,71,85,41,100,4,4,0,0,39,54,73,8
59,85,25,71,88,35,79,0,7,29,62,64,100,100,0,99,8
78,99,0,100,17,63,57,28,47,0,7,31,45,65,100,95,8
14,99,16,67,67,33,74,0,0,17,44,48,100,77,39,100,8
0,82,37,62,83,30,65,0,46,32,81,66,100,100,23,90,8
57,68,52,100,4,71,48,37,63,0,0,13,27,49,100,78,8
16,38,67,29,43,0,22,25,66,57,100,94,50,100,0,74,8
35,73,77,55,100,20,39,0,37,35,79,68,86,100,0,84,8
75,100,0,89,70,61,100,26,32,0,7,31,63,63,95,99,8
86,90,28,100,0,52,46,4,26,0,25,51,100,83,73,99,8
62,76,23,100,0,67,67,35,89,0,22,22,56,60,100,96,8
100,95,38,99,35,65,70,29,32,0,0,27,36,64,65,100,8
3,57,83,70,100,100,6,85,20,52,71,20,0,0,37,32,8
82,100,35,78,97,39,94,0,0,1,39,42,100,81,40,94,8
19,78,29,36,13,0,8,27,58,49,100,79,55,100,0,88,8
55,40,100,64,92,100,48,81,45,40,55,0,0,4,11,38,8
73,64,54,100,0,75,60,40,91,0,13,13,46,55,100,87,8
79,100,14,81,49,39,100,0,32,0,52,55,71,100,0,71,8
85,69,47,100,0,75,44,38,72,0,16,16,57,55,100,87,8
45,74,23,68,92,35,77,0,45,28,100,64,95,100,0,80,8
56,60,65,100,100,83,81,39,51,0,85,16,56,50,0,55,8
64,92,3,100,25,62,44,23,0,0,1,30,55,58,100,90,8
98,89,48,100,29,65,58,25,6,0,0,31,53,63,100,91,8
47,68,0,70,53,34,85,0,22,12,53,59,100,100,46,88,8
48,97,9,67,100,64,66,100,24,57,0,0,87,8,15,41,8
100,95,0,78,93,59,81,100,62,44,2,5,96,0,48,48,8
61,96,0,83,61,66,100,30,49,0,5,30,39,68,42,100,8
47,69,42,100,6,75,54,39,47,0,0,21,42,58,100,90,8
73,96,50,70,38,24,0,0,29,41,70,77,100,100,46,78,8
100,92,18,81,46,39,62,0,1,13,43,56,74,100,0,75,8
50,100,5,82,71,42,91,0,7,18,78,56,100,92,0,90,8
100,75,47,100,0,79,49,41,66,0,3,25,27,66,98,91,8
77,72,51,100,0,77,61,42,94,0,22,2,33,45,100,76,8
38,73,84,41,100,0,53,7,73,49,98,90,54,100,0,75,8
0,23,63,46,100,87,50,100,34,57,86,23,57,0,9,22,8
28,6,64,48,100,91,53,100,22,59,80,31,66,0,0,2,8
25,89,65,55,100,21,20,0,0,30,55,62,94,95,22,100,8
43,82,85,44,100,3,17,0,0,34,62,64,90,100,7,95,8
51,69,74,37,100,0,52,4,41,41,73,75,60,100,0,83,8
37,71,79,71,49,100,0,45,25,36,66,0,100,51,10,26,8
96,100,0,98,22,54,87,15,51,0,25,39,100,73,38,94,8
100,89,52,100,25,71,45,34,38,0,0,17,34,47,76,71,8
90,94,13,95,26,56,96,27,52,0,0,26,45,64,100,100,8
66,90,6,55,100,73,45,100,33,46,0,0,89,11,13,23,8
96,85,31,100,44,64,96,27,37,0,0,31,72,62,100,91,8
76,95,23,100,36,60,68,22,23,0,0,33,46,65,100,94,8
32,52,22,0,100,2,78,63,35,37,14,100,71,92,0,73,8
33,88,39,59,63,100,0,65,28,43,40,0,100,42,25,47,8
69,97,0,90,24,45,81,3,0,0,46,45,100,89,20,100,8
35,88,30,57,50,17,11,0,0,38,56,68,100,100,20,100,8
66,86,0,94,21,52,80,14,14,0,42,39,100,78,49,100,8
78,67,65,100,0,75,56,37,84,0,2,10,35,52,100,86,8
0,98,5,73,70,39,100,0,43,9,53,50,84,90,26,100,8
28,61,59,27,33,0,2,20,63,46,100,79,48,100,0,74,8
34,71,16,65,17,23,0,0,1,42,44,75,100,100,46,91,8
56,80,5,100,10,65,87,33,71,0,0,22,58,59,100,97,8
45,72,18,100,0,64,64,33,98,0,7,5,26,41,100,68,8
100,94,40,100,0,68,43,35,92,5,23,0,3,34,46,68,8
63,65,35,100,1,69,61,36,79,0,0,15,33,54,100,86,8
49,100,19,91,31,54,36,15,0,0,7,36,51,63,100,87,8
60,90,26,82,49,39,35,0,0,23,56,54,100,90,37,100,8
40,100,7,84,72,47,100,5,22,0,52,45,84,90,0,94,8
81,82,0,95,19,62,84,29,45,0,24,33,83,68,100,100,8
59,99,16,72,89,38,91,0,28,18,73,58,100,100,0,95,8
3,92,12,64,60,28,18,0,0,32,67,55,100,91,33,100,8
44,68,58,44,100,7,0,0,7,36,78,68,93,100,11,74,8
54,63,100,76,80,100,43,75,51,35,47,0,0,16,27,46,8
88,78,34,100,0,73,45,38,78,0,21,11,50,49,100,82,8
4,11,46,53,76,100,24,98,41,53,100,24,57,0,0,15,8
100,100,31,89,36,55,70,22,23,0,0,28,43,58,86,89,8
100,90,27,100,0,66,56,33,81,0,10,16,33,57,98,84,8
53,93,3,71,47,34,23,0,0,29,59,63,100,100,9,98,8
60,59,98,26,48,0,25,19,77,49,100,85,43,100,0,70,8
54,64,30,96,15,61,69,27,52,0,0,30,48,66,100,100,8
81,69,63,100,0,82,41,41,81,0,19,3,41,44,100,74,8
89,92,20,100,11,67,43,34,54,0,0,24,34,56,100,82,8
77,87,87,57,100,19,13,0,28,35,83,69,94,100,0,79,8
0,53,84,42,100,6,10,0,2,34,66,66,86,100,5,84,8
44,89,62,48,61,0,0,6,35,47,100,72,81,100,14,84,8
39,73,76,100,22,79,50,43,69,6,0,0,26,30,100,52,8
87,100,31,76,100,91,38,80,22,62,0,0,73,9,33,64,8
29,95,93,67,84,100,10,68,0,18,74,0,100,44,17,44,8
100,100,9,95,0,52,98,26,48,0,46,45,98,90,18,71,8
57,53,100,85,62,100,51,61,79,24,29,0,0,30,61,56,8
0,31,52,59,46,100,11,81,65,52,100,17,38,0,9,26,8
88,99,9,100,0,54,55,12,4,0,24,40,100,73,63,94,8
72,100,5,97,53,52,93,6,0,0,11,43,100,77,58,99,8
100,94,53,80,68,39,68,0,0,0,17,36,62,69,88,100,8
44,87,21,78,68,41,70,0,0,13,45,47,100,80,41,100,8
83,95,0,86,56,49,100,13,17,0,48,40,99,79,37,100,8
63,66,58,100,11,76,36,38,63,0,0,3,36,36,100,62,8
70,61,65,100,15,70,72,34,87,0,0,10,23,50,100,76,8
42,98,0,69,54,36,71,0,14,16,54,54,100,91,39,100,8
4,100,23,65,89,36,100,0,20,8,32,49,79,85,0,89,8
84,92,41,91,37,46,66,0,0,9,46,49,100,85,33,100,8
100,100,37,89,43,57,69,26,33,0,0,19,35,48,83,73,8
65,60,100,100,5,100,19,57,65,15,0,0,13,43,97,75,8
19,93,9,74,100,94,25,100,1,49,0,0,93,16,46,60,8
62,100,100,98,77,61,45,28,39,0,79,25,50,57,0,72,8
68,89,0,100,38,59,98,23,80,0,39,35,100,69,75,92,8
0,63,61,38,67,0,20,14,56,50,100,85,50,100,2,71,8
70,92,0,83,57,49,100,13,16,0,5,37,48,74,64,100,8
50,90,0,89,62,47,88,0,5,4,42,51,100,95,11,100,8
23,57,70,39,100,0,40,1,51,43,89,83,60,100,0,75,8
90,66,49,100,0,72,67,40,100,0,25,11,34,55,84,93,8
46,79,37,60,59,22,0,0,19,35,78,64,100,97,29,100,8
51,60,47,100,16,68,75,35,83,0,0,2,31,39,100,68,8
46,92,45,62,38,22,0,0,9,39,57,70,100,100,27,98,8
51,78,0,68,47,34,100,0,19,7,63,43,85,82,9,100,8
81,85,10,79,42,38,56,0,0,21,45,62,100,100,29,82,8
100,94,29,84,32,41,59,0,0,1,42,38,87,74,52,100,8
12,14,56,48,100,84,53,100,32,65,80,30,62,0,0,17,8
26,100,21,65,91,32,66,0,38,25,91,61,100,99,0,98,8
55,92,17,78,55,38,50,0,0,21,56,55,100,92,25,100,8
67,99,62,62,97,13,0,0,7,34,100,59,100,100,10,93,8
32,98,8,71,56,25,28,0,0,42,77,69,100,100,15,92,8
42,85,85,100,100,68,76,32,45,0,50,1,38,40,0,65,8
0,66,48,100,100,83,69,41,37,0,81,26,76,69,8,93,8
56,76,73,52,93,13,0,0,37,35,100,69,100,100,17,76,8
86,62,64,100,0,80,40,44,92,12,29,0,41,37,100,65,8
65,93,68,73,92,23,13,0,0,38,87,65,100,100,5,98,8
18,74,3,67,74,34,41,0,3,27,59,63,100,100,0,95,8
66,98,22,67,100,88,17,100,11,52,0,0,79,13,22,53,8
41,100,0,70,76,37,100,0,10,5,41,43,97,79,27,91,8
64,100,100,92,94,56,72,22,72,0,91,31,52,59,0,80,8
100,83,64,100,50,65,75,26,35,0,0,22,46,53,100,78,8
12,76,27,98,45,48,28,0,0,14,54,56,100,100,30,96,8
61,90,67,61,99,100,9,71,17,56,0,0,100,25,17,61,8
62,87,41,63,100,100,22,72,8,41,30,0,93,42,0,34,8
67,99,0,95,29,61,100,36,87,0,43,21,70,60,83,100,8
0,88,65,55,100,16,45,0,43,40,90,77,68,100,8,69,8
88,88,53,78,100,40,91,0,0,1,5,39,57,76,18,100,8
22,100,66,50,100,94,45,95,5,41,58,0,78,42,0,46,8
36,53,100,82,55,100,2,69,36,34,74,0,0,14,62,44,8
73,78,10,73,60,35,43,0,0,25,57,62,100,100,20,96,8
67,100,18,81,44,39,35,0,0,28,53,57,100,88,42,94,8
76,97,64,62,100,15,14,0,0,35,90,59,98,100,0,98,8
55,77,3,100,39,57,100,16,0,0,26,38,97,77,23,78,8
67,66,56,100,10,74,59,38,70,0,0,15,29,54,100,82,8
75,75,36,100,6,68,62,35,100,0,0,6,31,41,93,74,8
5,55,79,87,5,100,38,53,67,6,0,0,27,47,100,84,8
88,59,100,100,16,85,42,45,82,8,0,0,32,40,89,77,8
59,82,11,67,100,65,54,100,40,48,0,22,60,0,43,52,8
100,84,55,99,4,72,49,33,43,0,0,28,41,69,97,100,8
0,26,57,56,98,94,31,100,45,63,100,31,78,0,9,16,8
32,100,17,75,87,41,64,0,12,20,79,55,100,96,0,96,8
37,100,0,60,94,94,3,89,29,54,0,0,100,28,8,38,8
0,71,52,100,100,75,53,37,13,0,82,7,34,44,16,83,8
60,100,14,67,100,55,80,98,39,56,0,13,80,0,50,45,8
57,87,0,100,17,63,100,28,94,0,20,34,89,71,37,87,8
37,90,4,97,35,57,100,22,49,0,0,33,54,72,35,100,8
27,100,0,74,60,43,100,3,34,0,29,44,74,81,10,58,8
35,97,35,61,44,19,0,0,23,38,61,68,100,99,51,100,8
46,84,65,46,65,9,0,0,30,29,84,57,100,94,44,100,8
35,86,56,65,100,27,23,0,6,28,65,64,98,100,0,85,8
98,98,34,96,8,59,63,27,34,0,0,32,42,70,100,100,8
100,100,21,86,45,47,86,11,3,0,0,33,65,65,99,96,8
48,97,7,76,22,35,0,0,5,31,49,65,100,95,52,100,8
61,95,39,68,100,100,45,76,0,45,10,0,90,36,21,50,8
25,46,100,31,80,0,0,9,38,45,89,78,54,100,20,68,8
32,90,0,64,66,29,79,0,12,26,60,67,100,100,16,79,8
48,94,0,76,53,39,47,0,3,14,70,46,100,88,28,100,8
41,84,93,52,100,12,33,0,47,39,93,74,72,100,0,81,8
0,20,57,51,94,89,38,100,44,61,100,30,76,0,12,14,8
78,79,40,100,6,71,16,33,16,0,0,32,46,58,100,80,8
35,100,0,88,58,44,55,0,30,39,100,73,94,97,28,84,8
75,91,30,100,24,60,53,21,11,0,0,37,44,70,100,93,8
66,93,50,56,80,100,0,55,17,35,59,0,100,52,0,29,8
59,100,9,86,61,44,74,0,0,1,53,39,100,82,35,88,8
70,99,42,69,35,30,0,0,19,29,60,58,100,88,54,100,8
100,89,41,100,23,69,54,35,38,0,0,11,25,47,60,81,8
66,91,22,73,50,27,19,0,0,33,65,60,100,96,24,100,8
63,62,67,100,5,79,52,41,73,0,0,2,32,42,100,75,8
67,86,59,66,95,26,44,0,0,30,59,63,100,98,19,100,8
39,83,17,65,37,26,17,0,0,36,44,70,100,100,32,93,8
77,100,28,80,63,41,59,0,0,10,47,44,100,75,61,94,8
44,75,21,38,0,0,18,28,56,60,100,90,82,100,28,81,8
100,100,39,84,58,51,88,20,25,0,0,24,42,54,98,81,8
0,85,19,63,86,31,94,0,3,15,39,50,100,83,29,100,8
0,76,49,100,100,82,58,41,28,0,82,15,28,51,34,88,8
54,85,94,100,96,61,79,22,84,0,100,32,53,52,0,58,8
35,100,0,80,45,41,96,3,44,0,34,38,100,67,78,93,8
69,79,48,57,69,19,0,0,30,34,93,63,100,100,37,76,8
100,100,22,97,23,62,94,33,69,0,0,18,25,59,78,95,8
22,93,0,70,69,37,100,0,15,20,51,60,77,94,42,100,8
16,78,66,100,100,75,46,39,0,0,66,4,24,45,23,85,8
55,65,100,87,61,100,53,66,71,29,40,0,0,21,39,47,8
27,100,43,66,67,31,45,0,0,27,47,59,100,91,20,97,8
30,63,61,100,100,82,76,39,42,0,74,9,53,49,0,63,8
73,100,0,91,49,63,100,31,58,0,16,28,45,69,30,98,8
19,74,75,62,78,23,3,0,28,38,94,72,100,100,0,80,8
100,86,47,100,0,73,42,43,85,15,28,0,37,36,84,66,8
59,72,36,100,0,72,23,36,52,0,0,1,44,27,100,55,8
35,90,24,61,100,100,12,84,0,29,49,0,96,57,7,28,8
20,70,39,100,100,88,67,44,30,1,64,0,22,41,0,85,8
52,98,69,67,78,28,13,0,0,26,54,58,100,93,54,100,8
60,90,43,68,52,22,21,0,0,39,52,66,100,95,38,100,8
60,81,12,100,0,70,28,34,28,0,12,33,52,64,100,91,8
7,60,100,79,76,100,24,71,80,36,84,0,0,14,47,50,8
83,85,17,98,37,57,94,19,38,0,0,38,65,71,100,100,8
44,90,0,79,79,43,95,0,13,10,50,55,100,98,19,100,8
12,75,3,59,67,25,20,0,27,36,95,68,100,100,0,95,8
62,100,0,57,94,71,34,93,26,47,13,0,100,37,8,39,8
15,92,0,96,38,47,79,0,4,8,46,58,100,100,12,86,8
100,100,21,86,64,41,71,0,13,23,73,66,74,100,0,70,8
81,76,15,100,0,65,100,33,65,0,10,28,90,64,73,94,8
100,90,60,100,36,66,54,29,34,0,0,19,37,48,79,74,8
100,51,72,100,0,88,28,42,77,0,2,11,5,55,78,82,8
0,56,76,49,100,11,31,0,45,39,95,73,71,100,11,74,8
58,100,0,85,51,50,79,11,14,0,44,39,100,71,51,83,8
100,63,71,100,10,85,24,43,56,4,0,0,26,38,88,55,8
0,30,46,60,59,100,21,81,67,50,100,16,38,0,7,28,8
23,83,74,49,100,13,19,0,24,35,82,66,73,100,0,84,8
64,89,66,58,74,8,0,0,20,41,92,64,100,100,24,95,8
56,86,39,69,100,34,59,0,0,17,53,54,95,94,22,100,8
69,89,6,100,10,64,35,26,10,0,0,36,47,64,100,91,8
50,83,26,62,58,100,14,60,2,30,50,0,100,51,0,34,8
0,95,21,65,86,30,54,0,14,25,68,62,100,100,0,90,8
85,90,10,65,100,69,34,100,53,41,0,0,92,5,35,48,8
55,68,71,40,100,6,5,0,14,35,66,68,89,100,0,83,8
41,58,99,39,100,1,27,0,33,40,80,75,66,100,0,83,8
13,78,44,47,36,0,0,0,48,39,100,74,85,100,20,79,8
19,90,57,61,96,19,17,0,2,34,81,64,100,100,0,99,8
100,100,29,88,45,52,79,16,16,0,0,33,42,68,44,98,8
44,73,77,100,100,68,78,28,68,0,100,33,56,51,0,53,8
16,92,0,70,68,36,68,0,15,25,53,63,100,100,34,92,8
0,20,38,56,46,100,6,81,58,56,100,24,50,0,7,15,8
65,98,41,74,100,100,32,85,10,60,0,0,73,12,33,62,8
76,100,59,66,89,23,9,0,0,31,80,62,100,96,2,86,8
66,74,23,100,14,69,64,36,47,0,0,23,35,60,100,87,8
21,93,0,65,56,35,48,0,17,26,61,60,100,95,32,100,8
36,100,39,66,100,97,34,100,29,47,0,0,73,10,32,66,8
0,73,54,47,100,15,43,0,51,35,81,69,63,100,2,72,8
62,76,0,100,22,68,90,37,100,0,13,8,13,47,68,81,8
23,100,46,57,100,79,49,89,0,48,20,0,79,22,24,53,8
65,95,0,77,46,36,35,0,5,26,73,61,100,100,6,84,8
40,83,81,46,79,7,5,0,51,35,100,71,72,100,0,77,8
75,92,23,83,58,39,77,0,0,13,42,51,100,86,32,100,8
40,81,67,65,100,27,38,0,0,24,46,61,81,99,27,100,8
21,73,84,42,90,7,0,0,19,35,81,66,100,100,9,89,8
80,81,34,100,0,70,45,39,76,0,28,12,57,54,100,85,8
2,20,44,53,63,100,14,98,53,59,100,25,57,0,0,13,8
70,81,25,100,0,74,42,40,77,5,40,0,53,40,100,70,8
50,54,80,96,38,100,37,50,46,0,0,15,45,45,100,61,8
100,83,20,100,0,68,71,36,89,0,17,15,42,55,98,91,8
2,77,54,100,100,79,86,47,59,16,63,0,73,27,0,43,8
23,74,42,38,51,0,0,7,26,42,81,69,100,97,25,100,8
43,39,100,73,69,100,7,70,60,36,57,0,0,16,67,48,8
95,68,76,100,34,78,50,39,52,0,0,6,40,39,100,60,8
77,83,47,72,78,27,22,0,0,30,68,60,100,100,20,90,8
72,100,2,77,59,36,100,0,0,7,31,52,100,92,22,91,8
49,78,34,60,30,18,0,0,19,39,57,73,100,100,44,82,8
38,81,92,100,100,66,65,33,37,0,100,20,67,51,0,72,8
48,92,29,62,92,100,16,67,0,38,36,0,100,43,10,41,8
82,100,0,85,67,49,100,10,6,0,12,41,82,77,69,99,8
20,60,0,83,15,39,100,9,30,0,47,54,67,100,2,59,8
74,74,62,100,10,76,36,39,62,2,0,0,24,30,100,50,8
46,92,0,75,48,39,44,0,7,19,52,57,100,92,37,100,8
82,86,0,67,38,29,96,0,25,20,65,61,100,100,18,73,8
0,77,52,57,100,26,54,0,23,24,56,58,75,94,21,100,8
100,86,49,100,3,79,37,43,59,5,9,0,0,40,43,70,8
66,76,34,100,5,76,43,39,44,0,0,17,45,50,100,76,8
100,70,46,94,32,51,87,9,0,0,38,46,80,91,19,100,8
1,13,46,53,72,100,13,97,39,54,100,23,56,0,0,19,8
0,24,43,59,64,100,18,94,67,61,100,23,43,0,7,29,8
75,61,85,100,22,82,37,42,55,2,0,0,31,36,100,60,8
69,94,0,81,73,55,100,21,32,0,20,33,58,67,51,100,8
100,100,33,95,0,60,47,28,48,0,5,21,40,59,87,92,8
32,87,24,54,81,100,0,72,18,44,36,0,100,44,19,49,8
0,96,31,63,100,32,86,0,12,18,53,53,98,87,41,100,8
28,49,35,93,100,100,81,54,41,13,52,0,66,45,0,63,8
25,94,6,58,87,30,85,0,0,17,49,53,100,89,35,100,8
97,91,33,93,55,46,54,0,0,10,49,49,100,87,30,100,8
61,96,46,68,71,22,11,0,0,34,67,63,100,100,25,93,8
46,78,26,54,84,100,0,75,24,42,29,0,100,44,20,39,8
57,95,59,56,76,12,0,0,28,33,100,60,96,100,21,88,8
86,83,40,100,0,72,49,37,63,0,10,20,52,55,100,82,8
36,82,45,60,81,100,0,70,19,45,25,0,100,37,4,32,8
100,92,20,90,7,42,65,0,0,10,18,58,78,100,45,97,8
94,83,29,77,100,41,78,0,0,11,45,56,92,100,10,79,8
89,98,57,76,63,34,19,0,0,25,55,56,100,91,36,100,8
55,90,44,56,29,13,0,0,28,38,64,69,100,100,63,99,8
56,71,31,100,16,66,24,23,0,0,17,34,57,57,100,76,8
0,21,49,57,79,100,15,81,45,44,100,15,29,0,5,25,8
84,74,74,100,32,74,58,34,49,0,0,8,48,37,100,62,8
93,77,47,100,8,68,70,33,74,0,0,20,52,57,100,92,8
40,84,33,81,100,42,81,0,0,13,46,57,94,100,11,90,8
54,77,30,37,0,0,13,25,55,54,100,80,89,100,37,86,8
61,83,19,100,3,62,15,21,0,0,0,40,47,62,100,79,8
59,100,28,71,26,20,0,0,28,40,72,67,100,99,49,99,8
40,100,0,58,93,90,6,92,11,52,9,0,100,34,0,38,8
48,84,38,41,20,0,0,14,37,51,89,81,100,100,36,84,8
3,61,69,34,69,0,0,13,45,46,100,78,71,100,29,71,8
100,91,44,100,0,76,10,37,30,0,3,25,25,61,72,86,8
57,100,0,75,62,40,62,0,2,15,56,53,100,93,23,95,8
32,84,66,100,100,80,64,40,30,0,68,11,36,52,0,91,8
54,97,20,73,48,34,35,0,0,22,50,50,100,78,71,100,8
86,74,21,100,0,73,66,38,100,0,12,8,49,49,100,76,8
100,87,9,100,0,67,74,37,94,0,21,15,60,56,93,94,8
36,93,31,55,79,100,0,73,31,53,27,0,100,37,32,46,8
51,62,56,100,1,82,33,42,65,1,0,0,32,40,100,65,8
36,86,0,75,35,34,12,0,11,35,75,68,100,100,12,89,8
47,97,17,79,57,40,70,0,0,17,33,53,100,79,65,100,8
26,94,0,80,47,41,68,0,5,9,52,46,100,84,36,100,8
51,67,81,100,0,89,33,50,83,13,13,0,41,34,100,62,8
32,87,76,51,98,14,16,0,46,32,100,66,76,100,0,82,8
48,88,28,58,34,9,0,0,25,42,66,77,100,100,49,78,8
65,100,0,79,67,41,99,0,10,3,41,42,100,80,6,90,8
64,97,32,67,19,26,0,0,30,36,67,67,100,100,47,88,8
25,67,79,49,100,13,51,0,54,37,78,73,61,100,0,79,8
44,76,61,100,6,75,41,38,70,0,0,0,33,36,100,62,8
51,91,5,86,0,43,22,0,8,24,50,61,100,93,45,100,8
72,97,4,91,14,45,29,0,0,30,61,65,100,100,20,86,8
59,61,91,100,37,92,36,46,45,0,0,6,35,36,100,38,8
73,95,7,76,78,40,100,2,0,0,37,41,82,82,51,100,8
27,73,35,48,100,14,70,0,38,38,89,75,94,100,0,86,8
60,56,56,100,0,79,46,38,100,0,45,1,39,48,91,86,8
37,89,25,54,80,20,15,0,0,26,62,58,100,97,23,100,8
58,95,60,64,100,32,83,0,17,20,62,51,69,85,0,100,8
87,80,54,100,24,68,61,34,37,0,0,19,52,48,100,80,8
45,100,68,64,100,24,39,0,5,33,68,65,85,97,0,97,8
88,100,9,93,8,45,55,0,0,6,37,50,100,84,44,99,8
79,78,42,100,27,66,68,30,50,0,0,22,45,54,100,82,8
100,83,29,100,27,65,86,32,59,0,0,21,45,58,99,89,8
36,86,30,70,78,35,55,0,0,21,62,53,100,89,9,100,8
65,67,72,100,1,75,32,37,61,0,0,4,32,44,100,74,8
30,79,4,66,68,31,41,0,0,28,57,64,100,100,0,92,8
100,82,61,100,50,68,72,31,38,0,0,16,31,49,78,76,8
44,93,0,100,32,60,85,27,61,0,41,36,100,65,72,88,8
67,78,54,100,0,83,36,43,61,0,15,14,51,54,100,80,8
12,79,62,46,100,12,23,0,41,33,86,67,82,100,0,88,8
17,97,25,59,85,100,0,82,27,51,23,0,100,36,19,33,8
69,82,0,100,22,64,96,36,96,0,33,20,93,53,100,79,8
11,58,85,41,87,0,0,9,23,50,100,78,71,100,10,77,8
23,100,13,70,66,36,33,0,0,25,59,58,100,96,28,97,8
31,100,0,82,47,46,97,12,44,0,31,33,95,61,100,91,8
24,97,55,60,77,22,21,0,0,31,51,62,100,95,30,100,8
72,100,3,76,100,63,49,99,29,45,0,28,53,0,33,48,8
32,85,67,55,95,10,4,0,12,40,95,71,100,100,0,87,8
72,68,42,100,0,68,61,34,79,0,1,16,50,53,100,88,8
83,100,18,88,37,43,61,0,0,20,53,56,100,91,22,97,8
0,25,52,58,76,98,15,100,54,64,100,29,49,0,9,28,8
29,61,97,31,78,0,0,12,45,45,100,77,80,100,9,73,8
51,91,46,56,29,15,0,0,36,33,72,64,100,100,48,92,8
30,81,62,43,64,0,29,15,62,52,100,87,58,100,0,87,8
43,100,0,88,67,47,85,0,17,16,83,56,100,93,17,74,8
43,67,83,33,78,0,9,9,57,41,100,73,57,100,0,78,8
49,75,44,100,23,73,43,37,47,0,0,16,40,45,100,68,8
73,92,0,100,23,63,77,31,50,0,7,30,52,66,100,98,8
29,100,20,62,100,96,15,96,14,51,25,0,90,47,0,44,8
53,61,100,73,92,100,55,72,58,36,51,1,0,0,29,31,8
100,98,51,100,11,72,44,35,43,0,0,20,22,61,65,92,8
86,59,56,100,0,81,48,42,71,0,11,8,45,52,100,88,8
81,60,96,100,0,98,49,54,96,11,13,0,33,45,100,86,8
77,97,13,85,62,41,100,0,24,11,48,63,72,100,0,76,8
18,68,50,54,100,19,30,0,24,35,84,68,90,100,0,84,8
49,49,100,79,54,100,8,68,35,27,0,0,6,35,71,63,8
77,99,43,77,34,36,0,0,23,34,66,68,100,100,39,78,8
0,77,50,100,100,72,40,39,13,0,74,1,23,38,12,77,8
49,73,61,100,0,84,42,42,81,0,26,10,43,56,100,86,8
49,91,31,63,71,29,11,0,0,32,49,67,100,100,0,83,8
100,75,49,100,24,61,100,27,91,0,0,18,66,55,93,85,8
75,77,41,100,19,68,65,36,59,0,0,5,43,38,100,66,8
6,27,47,57,62,100,8,91,48,56,100,25,51,0,0,22,8
13,65,73,34,94,0,0,0,27,34,82,65,100,100,27,77,8
77,97,63,73,91,32,54,0,0,24,49,54,100,86,46,100,8
69,91,10,95,34,46,50,0,0,23,62,50,100,87,36,100,8
0,71,64,52,100,16,34,0,21,36,69,68,80,100,8,93,8
97,75,60,100,35,68,68,32,49,0,0,22,39,57,100,83,8
95,69,60,100,35,66,63,28,24,0,0,23,41,56,100,82,8
44,95,1,72,39,36,38,0,0,24,49,57,100,90,34,100,8
56,76,18,100,0,69,57,37,71,0,12,20,62,55,100,83,8
66,94,0,92,38,48,90,5,11,0,36,45,100,84,18,100,8
67,73,41,100,16,67,73,34,78,0,0,10,35,47,100,77,8
76,56,75,100,0,90,35,53,95,21,47,0,57,44,100,85,8
50,93,4,100,38,58,100,17,25,0,0,43,54,87,6,89,8
100,99,43,100,8,68,38,32,25,0,0,30,41,63,95,86,8
58,56,55,100,0,74,68,42,100,0,19,1,29,45,87,83,8
0,77,49,100,100,74,85,37,58,0,93,13,69,48,5,74,8
41,94,71,72,95,33,34,0,0,27,51,63,100,100,41,94,8
0,54,59,54,100,23,45,0,41,34,79,69,65,100,13,75,8
29,83,0,83,41,42,53,0,17,20,50,61,100,100,29,95,8
76,81,25,100,35,64,94,31,75,0,0,22,28,58,100,88,8
35,74,71,42,100,9,62,0,76,38,89,76,48,100,0,82,8
59,85,4,100,49,50,94,0,0,24,49,56,100,88,4,90,8
67,96,20,100,21,59,41,20,11,0,0,35,48,65,100,93,8
0,33,66,60,100,100,48,78,84,37,52,0,30,32,85,68,8
37,55,100,72,94,100,52,75,57,37,57,0,0,2,9,36,8
10,23,56,59,67,100,0,93,44,57,100,25,50,0,16,26,8
0,69,28,100,100,97,77,55,40,15,86,0,38,33,9,72,8
72,64,54,100,24,73,54,36,45,0,0,19,41,53,100,80,8
65,66,61,100,13,67,76,34,90,0,0,5,32,44,100,75,8
38,71,72,36,81,0,12,11,57,45,100,80,49,100,0,70,8
56,66,100,94,44,100,35,64,63,29,37,0,0,22,42,54,8
79,87,32,63,85,32,73,0,0,12,42,44,100,75,70,100,8
7,61,75,35,72,0,0,7,42,41,100,72,79,100,14,75,8
30,68,63,39,77,0,0,6,44,41,100,75,63,100,9,69,8
64,83,16,87,11,43,0,0,5,33,54,68,100,100,25,90,8
85,100,19,76,100,62,47,97,26,50,0,18,81,0,48,43,8
31,74,62,37,55,0,0,17,46,49,100,78,83,100,34,72,8
80,71,59,100,18,73,44,34,50,0,0,20,46,50,100,74,8
68,94,67,75,100,100,39,70,0,42,20,0,97,25,33,65,8
89,93,31,100,40,50,53,0,0,0,46,41,100,79,36,85,8
67,79,33,62,100,30,71,0,43,32,87,68,93,100,0,79,8
56,89,55,63,100,29,53,0,52,33,93,68,82,100,0,84,8
9,70,41,100,100,85,68,42,27,2,75,0,45,42,0,80,8
65,81,100,48,88,10,7,0,40,35,97,68,78,100,0,87,8
91,73,55,100,0,73,49,37,83,0,17,7,56,44,100,77,8
5,28,50,60,69,100,17,90,60,58,100,24,49,0,0,22,8
59,99,8,100,24,58,81,28,57,0,0,25,39,64,100,93,8
56,94,21,74,100,89,29,100,0,63,2,0,74,21,20,66,8
92,100,8,87,54,50,100,15,0,0,5,37,64,73,48,99,8
100,94,4,100,2,57,87,19,0,0,7,44,78,87,7,91,8
100,73,56,100,3,72,55,37,80,0,0,3,27,41,95,70,8
97,98,19,80,100,57,69,100,45,50,0,19,73,0,31,43,8
5,66,16,100,100,98,69,58,29,20,75,0,21,32,0,71,8
77,57,87,100,0,95,43,55,100,15,40,0,28,45,86,85,8
13,69,78,100,100,73,59,36,11,0,87,11,87,45,0,69,8
68,100,11,89,59,45,61,0,0,17,65,55,100,100,18,98,8
91,90,59,64,50,16,0,0,21,44,94,73,100,100,11,92,8
59,77,15,63,88,31,47,0,14,26,66,62,100,100,0,99,8
27,50,79,68,100,100,46,85,42,42,51,1,0,0,35,33,8
25,88,39,61,92,24,27,0,15,33,77,68,100,100,0,88,8
86,78,53,100,32,69,56,32,36,0,0,18,49,48,100,77,8
57,92,18,72,42,30,7,0,0,39,50,69,100,99,43,100,8
78,62,60,100,12,65,94,32,100,0,0,14,60,53,72,83,8
83,96,20,81,67,41,54,0,0,27,65,62,100,100,15,93,8
83,63,77,55,100,15,35,0,23,38,70,73,63,100,0,78,8
43,84,36,63,100,38,75,0,33,24,61,66,61,100,0,73,8
90,82,4,94,44,49,62,0,0,7,49,50,100,92,21,100,8
62,83,27,69,70,26,47,0,0,34,63,66,100,98,19,100,8
69,97,37,54,57,0,0,4,30,46,100,66,84,100,12,94,8
31,84,67,50,68,2,0,0,37,40,100,70,70,100,2,82,8
76,81,0,82,57,42,91,0,19,17,78,57,100,100,20,84,8
54,82,26,63,100,76,28,100,61,50,0,36,49,0,55,54,8
100,100,39,93,43,59,70,25,32,0,0,24,34,56,79,84,8
25,80,75,100,92,69,72,35,52,0,100,18,61,48,0,65,8
98,100,31,97,48,60,72,23,16,0,0,30,47,62,100,92,8
42,63,100,85,54,100,42,62,62,22,0,0,0,27,73,51,8
89,79,48,100,21,71,51,34,40,0,0,18,49,47,100,77,8
0,39,62,67,86,100,6,87,38,54,100,26,72,0,1,17,8
7,91,34,60,77,100,0,69,8,39,32,0,100,43,8,39,8
98,76,59,100,16,76,74,42,77,0,0,9,31,48,100,76,8
100,85,17,97,8,71,88,41,67,0,0,23,47,63,100,100,8
22,75,58,41,38,0,0,8,55,39,100,74,60,100,7,76,8
100,88,32,100,0,64,55,31,40,0,5,30,55,66,91,98,8
0,63,63,33,72,0,20,9,58,42,100,74,56,100,7,71,8
79,98,0,87,39,48,95,13,28,0,46,40,100,77,58,100,8
43,84,0,77,48,37,28,0,1,25,68,57,100,97,21,100,8
23,69,60,33,48,0,0,19,48,50,100,81,68,100,17,71,8
50,100,10,67,100,100,14,94,19,56,0,0,89,29,1,40,8
0,69,35,100,100,94,69,49,26,8,71,0,36,40,15,83,8
62,95,12,76,74,39,100,0,21,6,30,57,65,100,0,66,8
62,77,24,100,1,71,41,36,50,0,0,22,42,55,100,74,8
83,63,48,100,0,76,61,40,82,0,3,9,38,55,100,91,8
3,15,44,51,88,88,46,100,42,63,100,31,72,0,0,17,8
26,75,59,41,65,3,0,0,14,36,63,66,100,100,36,90,8
73,69,100,100,0,95,39,54,85,13,7,0,13,40,89,73,8
9,63,66,39,77,0,0,4,41,41,100,75,77,100,0,77,8
28,68,37,100,96,94,82,47,66,0,100,6,46,36,0,70,8
100,84,49,78,79,39,84,0,0,13,37,50,93,85,18,100,8
100,100,22,86,23,55,73,27,42,0,0,20,53,47,100,77,8
62,99,0,92,32,50,100,24,67,0,1,19,38,64,48,100,8
57,74,45,100,14,69,46,33,39,0,0,23,49,49,100,73,8
66,82,15,81,25,36,52,0,0,12,52,55,100,100,35,76,8
0,18,39,59,82,100,34,100,34,62,100,36,68,0,14,19,8
0,70,33,100,100,94,100,59,75,25,47,0,69,34,14,61,8
20,73,57,44,76,2,0,0,40,40,100,76,77,100,22,65,8
24,73,85,63,100,24,35,0,18,33,66,67,79,100,0,88,8
34,78,39,53,100,24,49,0,44,35,77,70,76,100,0,80,8
65,82,14,100,33,49,100,5,8,0,0,41,90,72,12,98,8
100,100,50,100,34,60,69,25,43,0,0,18,27,58,65,92,8
49,100,57,55,40,9,0,0,44,40,100,77,77,100,14,69,8
59,84,20,66,59,29,15,0,0,36,58,66,100,100,24,92,8
8,44,30,84,100,100,97,59,66,19,67,0,61,38,0,69,8
26,87,67,52,100,18,34,0,24,33,70,67,80,100,0,82,8
91,67,83,100,25,86,24,43,41,0,0,6,36,33,100,36,8
5,92,82,100,100,67,57,32,12,0,80,11,70,46,0,66,8
27,50,66,35,46,0,7,31,46,68,100,100,41,100,0,64,8
100,100,46,95,51,59,75,25,30,0,0,17,43,46,83,78,8
49,62,71,100,100,81,83,39,57,1,78,0,51,33,0,49,8
53,97,31,66,44,20,9,0,0,41,54,67,100,95,37,100,8
59,77,60,44,69,0,0,6,36,43,100,72,96,100,31,75,8
55,100,43,41,100,42,61,96,45,43,10,0,98,20,0,27,8
82,83,39,100,10,64,71,33,72,0,0,10,42,48,100,82,8
95,88,23,100,57,62,100,24,42,0,0,31,44,69,87,97,8
51,65,59,100,0,72,63,37,100,1,4,0,15,37,99,62,8
78,97,44,68,100,30,65,0,38,35,84,77,76,100,0,72,8
14,70,58,36,28,0,0,30,48,66,100,100,46,95,22,55,8
68,90,62,80,100,34,54,0,0,21,55,58,97,100,29,96,8
100,100,41,92,20,60,38,24,0,0,0,24,47,48,97,71,8
55,95,0,100,26,67,64,33,50,0,16,29,47,63,100,90,8
72,88,13,100,0,67,28,30,22,0,3,34,51,62,100,90,8
74,88,15,100,25,61,82,27,56,0,0,23,52,58,100,90,8
67,73,40,100,10,69,34,31,29,0,0,24,51,47,100,72,8
49,92,58,48,66,4,0,0,39,36,100,65,92,100,25,88,8
25,85,68,51,91,13,16,0,50,33,100,65,79,100,0,89,8
92,78,27,100,0,67,67,36,100,0,14,5,40,44,95,76,8
46,62,85,96,15,100,12,60,44,19,0,0,28,37,100,55,8
73,86,12,100,0,66,77,35,100,0,6,8,34,48,75,85,8
26,93,15,77,97,45,95,1,0,0,42,45,100,88,23,100,8
58,58,100,94,45,100,41,59,72,20,10,0,0,31,67,57,8
80,89,52,97,46,49,59,0,0,6,51,44,100,84,49,100,8
0,57,35,95,100,100,95,57,53,19,43,0,60,38,0,63,8
10,63,43,100,100,85,75,43,35,6,61,0,58,35,0,66,8
100,93,47,100,7,70,43,32,27,0,0,32,36,70,83,100,8
64,87,0,100,35,53,78,6,19,0,61,41,100,82,44,78,8
100,100,21,84,41,44,79,6,0,0,33,39,80,76,49,97,8
54,83,11,68,44,32,30,0,0,27,49,59,100,90,21,100,8
21,64,55,29,7,0,0,32,55,65,100,100,20,93,12,57,8
31,87,22,49,83,100,0,74,45,67,23,0,100,37,15,38,8
60,65,95,100,100,76,67,38,37,0,76,8,57,44,0,62,8
100,82,39,100,16,71,56,38,68,2,0,0,21,34,93,55,8
80,84,11,100,19,64,100,35,88,0,0,15,42,52,99,88,8
69,90,33,61,75,16,12,0,0,38,77,59,100,100,20,95,8
1,74,23,100,83,87,75,42,49,0,100,2,55,34,0,64,8
11,58,65,35,67,0,4,19,41,53,100,81,57,100,0,79,8
95,83,17,87,51,48,92,10,0,0,25,37,100,69,94,100,8
13,71,51,100,100,78,57,39,15,0,79,8,25,44,0,82,8
6,50,41,50,100,19,44,0,20,37,63,73,65,100,0,73,8
80,96,24,100,33,61,49,21,11,0,0,36,48,63,100,89,8
49,82,6,100,0,65,19,27,15,0,8,38,48,62,100,68,8
76,76,39,100,0,76,41,39,73,0,17,7,35,47,100,69,8
100,100,42,100,1,71,18,33,14,0,0,32,36,64,83,92,8
58,94,14,82,31,32,11,0,0,36,58,65,100,97,30,100,8
78,81,41,91,41,44,56,0,0,18,48,60,100,100,33,91,8
52,95,0,83,42,41,81,0,1,2,44,39,100,75,50,100,8
32,63,76,31,50,0,0,14,50,44,100,73,78,100,24,75,8
86,98,19,85,47,41,74,0,0,10,42,49,100,84,51,100,8
100,96,47,92,36,58,58,20,17,0,0,33,27,69,65,100,8
42,78,56,78,100,38,50,0,8,20,58,60,94,100,0,89,8
100,100,19,93,0,53,27,11,1,0,29,41,79,77,54,96,8
13,93,56,60,100,25,35,0,8,29,60,63,81,100,0,98,8
38,76,0,91,39,45,75,0,24,12,58,58,100,100,37,94,8
28,60,15,100,100,98,74,50,21,6,76,0,23,43,0,87,8
100,88,47,100,28,62,74,27,55,0,0,19,32,60,86,88,8
77,100,41,79,56,38,34,0,0,19,53,50,100,82,39,94,8
12,52,65,54,100,23,47,0,39,33,74,67,68,100,0,90,8
57,90,0,88,46,52,100,19,39,0,33,37,69,75,39,100,8
39,100,75,61,100,98,34,81,9,30,72,0,83,45,0,50,8
77,100,0,87,36,41,60,0,6,19,70,56,100,97,12,90,8
83,100,9,87,57,44,60,0,0,17,56,56,100,95,10,100,8
38,54,100,82,64,100,34,65,60,27,17,0,0,32,59,62,8
51,58,83,100,0,92,3,49,68,10,13,0,15,43,100,77,8
3,83,47,67,51,25,0,0,11,37,65,69,100,100,21,92,8
85,52,85,98,0,79,65,39,100,0,9,13,62,56,100,100,8
0,63,56,35,98,0,41,1,62,39,100,74,69,100,10,74,8
62,100,0,96,40,62,100,30,43,0,6,27,38,73,13,99,8
11,75,49,47,83,10,0,0,34,37,100,70,95,100,5,79,8
63,98,8,83,73,43,100,0,0,5,35,49,97,90,13,100,8
87,100,36,71,85,35,52,0,0,13,51,49,100,85,44,97,8
0,79,25,50,98,25,71,0,10,16,50,47,100,76,83,100,8
88,77,30,96,46,48,68,0,0,2,45,46,100,88,38,100,8
67,100,10,92,29,53,50,14,1,0,0,37,45,67,100,87,8
67,99,18,97,32,47,69,0,0,4,45,49,100,91,42,100,8
73,78,30,100,0,70,75,39,92,0,21,21,75,60,100,88,8
18,72,59,38,64,0,0,9,50,41,100,73,73,100,9,80,8
7,82,69,100,100,73,55,37,15,0,74,0,34,38,0,72,8
29,100,0,75,53,54,100,30,78,0,56,25,66,63,15,71,8
54,90,22,65,100,77,48,100,14,49,0,0,73,16,44,66,8
46,78,59,42,51,0,0,6,47,39,100,69,90,100,21,94,8
93,75,80,100,0,74,51,38,96,4,6,0,32,43,100,79,8
75,100,0,88,54,58,100,24,44,0,2,29,41,65,22,96,8
88,97,28,91,26,43,100,5,0,0,37,51,94,100,31,87,8
49,72,46,100,0,71,48,35,79,0,11,21,40,58,100,86,8
100,84,57,88,73,43,63,0,0,6,45,45,99,80,83,100,8
54,57,70,100,0,83,37,41,90,0,19,0,36,45,100,82,8
61,73,52,100,14,72,54,36,58,0,0,17,45,49,100,79,8
40,56,100,92,26,100,15,51,77,9,0,0,16,46,100,80,8
35,55,46,55,100,23,60,0,5,28,32,64,65,100,0,79,8
40,100,0,75,73,40,81,0,1,9,54,51,100,93,15,98,8
64,94,50,74,90,36,55,0,0,15,48,51,100,86,24,100,8
23,49,81,69,100,100,35,87,33,53,68,21,13,0,0,28,8
32,97,34,58,61,21,0,0,5,35,55,66,100,100,39,93,8
59,43,100,79,64,100,22,66,55,28,12,0,0,27,67,56,8
100,88,20,100,43,54,78,10,0,0,12,42,83,74,50,93,8
92,78,42,100,0,70,41,36,86,2,19,0,28,34,100,63,8
71,73,92,100,18,81,25,45,45,9,0,0,18,33,100,52,8
78,91,11,100,6,67,38,34,51,0,0,20,35,51,100,72,8
3,97,42,63,100,31,61,0,0,19,38,57,80,95,32,100,8
80,50,77,96,21,100,58,55,77,9,0,0,24,46,100,82,8
40,79,45,55,69,19,15,0,13,36,67,68,100,100,0,99,8
100,100,33,91,44,60,84,29,46,0,0,14,39,46,87,75,8
91,90,31,100,0,65,57,32,84,0,15,14,44,57,100,83,8
61,100,0,70,54,38,100,5,13,0,34,36,87,71,36,84,8
61,56,45,100,0,69,58,38,100,0,38,3,46,54,79,99,8
100,100,46,90,57,55,91,23,46,0,0,17,35,50,85,75,8
39,85,86,49,100,11,6,0,31,35,96,67,90,100,0,85,8
77,90,8,100,1,64,55,31,60,0,0,27,29,65,100,89,8
70,98,0,99,36,48,93,0,4,0,16,46,100,79,48,100,8
4,62,61,32,53,0,0,11,53,42,100,74,80,100,12,74,8
6,36,60,64,74,100,19,83,62,51,100,18,40,0,0,28,8
39,84,0,86,40,42,76,0,20,9,57,54,100,96,44,100,8
90,100,0,86,42,44,53,0,17,15,73,56,100,99,8,99,8
20,86,0,73,82,85,35,100,19,45,30,0,100,33,24,54,8
73,91,21,85,50,37,46,0,0,24,54,63,100,100,30,78,8
0,100,31,67,98,38,86,0,15,8,65,45,100,84,26,86,8
35,95,51,60,72,15,22,0,0,36,53,66,100,99,33,100,8
68,100,0,90,62,47,100,0,15,5,53,55,97,100,18,84,8
60,73,59,100,19,73,53,36,51,0,0,20,50,52,100,80,8
68,89,17,100,28,63,72,28,36,0,0,32,47,64,100,95,8
0,75,15,53,77,22,33,0,20,34,72,67,100,100,5,89,8
100,98,24,100,6,68,78,41,70,0,0,9,32,53,83,93,8
24,49,98,70,100,100,49,74,84,35,69,0,0,18,69,45,8
9,41,73,80,0,100,28,56,92,16,35,0,22,42,100,74,8
11,17,54,54,99,92,42,100,31,64,100,35,75,0,0,13,8
20,69,35,100,100,95,61,53,19,11,67,0,35,38,0,80,8
44,93,4,83,43,42,40,0,0,16,48,52,100,86,49,100,8
41,94,22,69,90,42,100,3,20,0,0,37,47,73,40,100,8
73,83,27,87,22,41,0,0,8,36,55,68,100,100,42,85,8
56,95,42,62,38,17,0,0,27,38,64,69,100,100,53,94,8
89,76,40,100,9,61,100,29,91,0,0,25,64,63,91,100,8
76,93,28,69,100,75,34,100,38,41,0,0,72,12,21,52,8
5,76,29,100,100,81,55,39,0,0,61,3,15,44,21,83,8
77,99,0,73,100,100,12,84,6,48,12,0,99,39,16,51,8
32,66,87,42,73,0,0,7,37,43,100,72,92,100,30,76,8
53,64,100,88,52,100,29,66,60,27,30,0,0,24,46,53,8
82,96,63,62,100,25,45,0,18,32,77,65,97,100,0,98,8
53,79,0,92,19,58,80,27,57,0,26,34,80,68,100,100,8
66,72,27,100,0,75,45,39,63,0,11,24,50,61,100,87,8
56,91,12,77,65,37,74,0,0,18,50,59,100,99,24,100,8
8,67,47,100,100,83,72,42,32,5,80,0,45,35,0,69,8
56,63,71,100,1,81,48,42,76,0,0,13,27,56,100,86,8
81,100,49,81,76,38,50,0,0,17,58,51,100,91,30,98,8
77,100,11,67,100,72,43,99,36,32,0,0,84,2,30,46,8
66,82,2,100,0,67,57,37,62,0,6,22,32,60,100,84,8
100,78,43,100,2,72,51,35,46,0,0,24,50,58,76,90,8
59,77,0,77,49,38,93,0,10,6,38,45,100,79,52,100,8
100,87,70,100,50,66,69,28,35,0,0,17,44,46,92,72,8
0,86,35,67,98,33,81,0,24,22,74,60,100,100,15,99,8
53,97,0,72,66,38,95,0,29,15,71,55,100,98,15,100,8
0,45,53,36,62,0,7,6,52,38,100,70,71,100,11,84,8
90,52,79,100,0,99,19,50,66,4,16,0,34,51,100,86,8
84,72,65,100,16,73,51,36,65,0,0,5,37,39,100,61,8
11,100,17,71,73,37,100,0,9,11,27,48,92,79,0,95,8
100,100,43,78,80,39,76,0,0,10,39,46,86,82,10,97,8
33,90,57,56,91,20,9,0,0,33,76,64,100,100,4,96,8
38,42,96,71,100,100,32,77,43,38,62,0,0,5,49,39,8
66,48,100,82,52,100,39,64,79,29,43,0,0,26,59,56,8
1,67,44,100,100,75,64,36,17,0,100,18,42,52,0,88,8
39,100,69,58,95,10,14,0,17,42,100,66,91,100,0,100,8
0,83,18,50,63,16,23,0,3,35,50,68,100,100,13,95,8
96,90,2,68,78,32,85,0,15,26,72,67,100,100,0,71,8
88,95,60,69,74,18,10,0,0,35,67,59,100,100,36,100,8
89,79,23,71,70,30,36,0,0,26,72,63,100,100,2,76,8
59,100,6,57,100,72,26,86,64,46,0,0,91,10,35,34,8
64,75,43,100,40,60,100,28,81,0,0,6,38,44,72,75,8
56,100,39,68,70,27,29,0,0,33,62,60,100,90,30,95,8
0,72,59,43,90,7,27,0,20,37,67,70,100,100,22,86,8
72,97,64,54,69,0,0,13,28,50,100,73,96,100,19,90,8
15,62,56,100,100,88,74,43,41,0,88,8,65,50,0,60,8
0,69,49,35,63,0,1,6,41,41,100,72,99,100,19,76,8
69,70,61,100,2,84,23,41,48,0,0,23,43,59,100,84,8
45,71,63,100,20,78,44,39,51,0,0,11,40,40,100,52,8
59,100,10,71,99,78,31,96,0,45,41,0,100,35,23,61,8
68,82,38,65,74,27,34,0,0,33,53,66,100,100,16,95,8
32,68,0,100,38,71,100,37,75,0,13,18,35,59,90,95,8
75,75,38,100,12,64,88,31,89,0,0,20,29,62,100,96,8
85,96,38,77,100,40,68,0,0,20,51,59,98,100,32,86,8
23,78,51,100,100,78,70,40,40,0,78,2,37,37,0,74,8
42,100,20,71,100,84,20,97,0,48,14,0,73,24,8,58,8
78,96,9,75,100,66,82,100,17,54,0,0,81,18,24,61,8
72,72,51,100,4,75,44,38,52,0,0,17,41,53,100,81,8
57,89,0,100,1,68,43,34,30,0,1,31,41,65,100,86,8
20,77,61,100,100,80,48,46,9,7,68,0,25,39,0,82,8
84,90,0,91,51,56,98,19,36,0,43,40,100,75,62,100,8
42,99,55,61,71,24,18,0,0,30,64,61,100,94,9,100,8
10,81,61,100,100,76,64,38,35,0,83,10,51,48,0,76,8
88,92,2,99,16,66,94,37,70,0,0,24,42,65,100,100,8
80,100,18,98,60,66,100,29,42,0,0,23,42,61,56,98,8
0,94,9,57,20,19,7,0,20,36,70,68,100,100,18,92,8
0,76,30,48,53,9,11,0,47,34,97,66,100,100,38,85,8
5,97,9,61,37,25,0,0,7,32,56,64,100,96,37,100,8
21,87,33,52,62,13,5,0,0,36,74,66,100,100,5,89,8
5,70,56,44,60,3,0,0,30,39,84,72,100,100,32,74,8
100,93,48,100,27,69,30,33,16,0,0,26,41,51,100,58,8
53,67,80,44,67,7,0,0,35,36,83,68,100,100,25,80,8
88,90,18,100,17,66,79,33,49,0,0,28,41,67,100,98,8
51,54,100,87,36,100,19,62,44,22,2,0,0,37,78,57,8
82,100,8,92,45,60,100,29,52,0,0,24,21,61,53,98,8
61,100,24,88,21,49,26,9,0,0,7,37,51,60,100,78,8
0,63,37,44,42,6,1,0,25,36,65,67,100,100,46,80,8
100,83,25,100,16,67,58,28,12,0,0,33,65,65,89,91,8
77,64,100,96,45,100,35,63,34,25,0,0,0,36,48,62,8
76,67,75,100,0,77,49,40,83,0,5,12,36,52,100,87,8
100,91,49,100,28,66,55,30,26,0,0,30,50,61,95,90,8
100,96,2,100,0,65,61,32,37,0,19,32,68,68,64,96,8
83,95,6,100,20,65,100,38,83,0,0,12,12,55,36,95,8
83,74,74,100,42,73,51,36,46,0,0,12,35,41,100,54,8
57,87,41,78,74,38,84,0,0,7,37,48,100,81,90,100,8
54,73,37,100,0,71,49,36,76,0,19,19,53,56,100,91,8
73,100,13,64,66,49,100,93,43,70,0,28,17,0,29,34,8
87,67,66,100,0,79,49,45,100,10,40,0,37,40,81,78,8
86,70,51,100,0,76,78,41,100,0,0,13,40,54,98,80,8
81,85,34,100,40,66,60,30,26,0,0,22,47,51,100,78,8
82,88,35,100,0,69,48,36,79,0,24,15,50,54,100,86,8
64,65,100,100,41,85,67,42,64,0,0,16,20,59,81,74,8
100,93,38,100,21,67,85,34,62,0,0,20,50,57,88,93,8
84,96,0,100,28,66,100,36,68,0,2,21,46,60,88,95,8
95,75,42,100,14,74,80,39,73,0,0,20,47,59,100,84,8
97,82,68,100,42,69,44,32,23,0,0,24,42,49,100,61,8
12,64,57,46,46,0,0,3,44,41,100,74,90,100,25,79,8
2,91,0,56,28,21,43,0,39,33,76,65,100,100,37,96,8
77,93,35,77,83,37,72,0,0,18,37,60,100,94,75,100,8
4,87,64,61,56,21,0,0,47,36,100,70,99,100,19,78,8
99,89,26,100,27,68,83,32,40,0,0,27,63,61,100,91,8
7,67,62,39,100,8,38,0,24,33,57,67,74,100,0,91,8
49,80,46,69,65,27,30,0,0,33,49,67,100,100,27,99,8
100,81,54,100,0,72,43,36,66,0,26,24,67,61,95,91,8
41,100,58,60,70,19,1,0,0,35,60,65,100,95,25,84,8
41,93,32,64,32,23,0,0,0,32,51,56,100,82,58,100,8
0,91,25,63,86,33,75,0,14,11,53,43,100,75,75,100,8
72,74,63,100,0,78,67,42,100,0,15,4,38,47,95,80,8
78,72,60,100,24,68,69,32,57,0,0,29,36,67,100,98,8
0,54,53,37,52,0,22,6,57,39,92,72,100,100,48,77,8
7,92,47,58,76,23,13,0,22,35,78,67,100,100,0,86,8
62,100,0,77,68,43,100,4,7,0,21,39,88,73,15,90,8
56,72,38,100,0,69,45,35,64,0,2,21,35,57,100,86,8
42,97,4,72,33,33,42,0,0,22,56,54,100,89,44,100,8
69,78,31,98,21,62,61,21,0,0,10,40,79,72,100,100,8
79,80,39,100,45,57,60,15,8,0,0,34,55,56,100,75,8
66,94,20,75,77,39,77,0,0,15,39,53,100,89,0,100,8
47,50,88,41,100,1,0,0,18,41,88,76,84,100,12,73,8
35,79,43,65,79,27,16,0,0,34,60,68,100,100,3,92,8
100,100,46,84,76,42,74,0,0,14,26,56,81,92,51,99,8
72,100,28,80,53,47,84,15,30,0,0,23,49,50,100,76,8
65,80,59,100,2,75,73,45,100,10,0,0,8,33,78,63,8
87,100,11,90,62,63,100,28,53,0,0,23,45,57,94,89,8
80,100,22,76,58,36,100,0,0,7,12,38,96,65,44,91,8
76,82,72,42,93,0,7,5,33,42,100,74,72,100,0,74,8
97,91,0,94,19,58,68,22,12,0,20,37,81,70,100,100,8
58,100,0,84,75,60,100,24,35,0,6,32,45,68,30,98,8
74,100,47,82,54,43,54,4,0,0,28,31,78,55,100,89,8
70,75,92,40,84,0,0,0,35,38,100,71,90,100,13,84,8
76,97,38,71,44,34,36,0,0,24,54,52,100,82,62,100,8
4,71,54,39,31,0,0,10,46,46,100,80,80,100,2,77,8
85,98,17,99,21,61,66,23,15,0,0,35,61,68,100,100,8
84,78,38,100,18,67,77,33,59,0,0,23,45,60,100,95,8
80,95,0,84,43,48,100,16,58,0,37,36,75,73,82,100,8
9,100,59,67,85,33,41,0,0,21,44,54,100,87,29,98,8
75,82,28,100,0,67,77,36,100,0,16,15,40,55,84,92,8
64,74,73,52,100,13,35,0,47,37,95,72,56,100,0,76,8
98,87,44,100,20,70,26,31,0,0,0,32,44,58,100,70,8
100,100,37,77,61,40,67,2,0,0,34,38,83,72,70,88,8
100,100,43,95,56,56,59,17,0,0,17,34,65,65,72,95,8
6,100,0,67,56,36,70,0,58,22,100,57,100,91,0,95,8
100,72,58,100,0,77,46,39,62,0,24,21,69,58,69,91,8
67,74,73,100,0,79,71,43,98,0,9,7,33,51,100,77,8
82,100,0,89,51,60,100,28,43,0,3,26,36,63,43,97,8
98,75,34,100,0,75,70,41,99,0,16,13,61,53,100,85,8
20,89,57,60,100,30,82,0,0,8,5,41,45,71,85,100,8
52,100,31,70,46,34,25,0,0,19,50,50,100,81,69,99,8
77,69,97,100,28,80,53,38,78,0,0,7,30,43,100,69,8
100,83,46,100,34,68,72,33,53,0,0,11,46,41,94,71,8
51,82,22,64,48,25,14,0,0,35,51,67,100,100,30,90,8
100,81,23,100,0,65,56,30,45,0,25,34,89,68,94,98,8
74,98,10,96,44,61,100,29,48,0,0,28,39,67,40,100,8
25,68,68,43,61,0,4,9,42,48,100,82,68,100,0,74,8
28,91,49,71,100,35,55,0,0,24,32,63,82,100,45,100,8
100,82,56,100,51,60,69,18,22,0,0,28,48,53,96,73,8
89,73,61,100,22,71,68,37,76,0,0,0,40,34,100,64,8
88,90,14,100,35,70,100,38,79,0,0,11,40,51,88,89,8
49,92,37,76,62,35,30,0,0,28,52,59,100,91,42,100,8
100,85,24,100,2,73,77,42,85,0,0,14,33,56,81,87,8
96,86,33,100,31,66,100,32,66,0,0,27,72,60,78,98,8
11,100,45,66,100,33,82,0,16,19,47,53,89,87,0,87,8
59,72,58,100,0,68,84,35,100,0,2,18,54,56,71,84,8
63,100,6,82,83,55,100,20,24,0,0,34,22,70,13,95,8
28,93,31,53,54,15,0,0,11,36,61,67,100,100,30,98,8
0,84,46,57,89,28,68,0,41,24,70,54,100,85,41,100,8
100,86,12,100,0,64,67,29,39,0,35,38,94,74,92,98,8
42,79,53,42,42,0,0,2,38,38,89,70,100,100,39,75,8
79,100,44,95,53,51,54,8,6,0,0,36,60,54,100,83,8
98,80,34,100,8,73,73,44,100,10,8,0,0,27,70,55,8
100,66,66,100,0,77,32,38,60,0,9,21,51,59,87,94,8
70,62,100,93,27,100,27,67,66,33,55,0,0,15,47,45,8
43,93,30,62,45,25,0,0,6,30,53,61,100,91,53,100,8
22,68,98,38,91,0,0,2,36,41,100,76,98,100,24,73,8
34,94,26,63,62,29,51,0,68,35,100,69,83,100,0,86,8
100,88,12,95,25,62,81,29,25,0,0,30,42,65,94,100,8
45,99,57,70,100,33,74,0,0,22,28,59,81,94,40,100,8
53,70,77,38,67,0,0,5,45,42,100,75,86,100,26,72,8
75,97,0,100,47,68,100,35,63,0,5,23,39,63,86,97,8
55,100,0,89,28,57,69,28,35,0,24,26,59,59,100,89,8
14,85,51,57,66,17,0,0,35,36,91,68,100,100,23,85,8
100,84,19,100,0,67,64,34,67,0,5,19,58,55,77,89,8
34,74,64,45,100,10,6,0,23,36,83,70,91,100,0,82,8
100,86,43,100,0,74,45,38,66,0,36,25,63,64,90,94,8
100,79,30,100,18,66,79,27,21,0,0,35,87,65,67,92,8
56,93,0,95,60,65,100,29,49,0,9,28,39,66,37,100,8
61,100,0,90,53,61,100,29,56,0,9,21,50,57,86,92,8
86,86,69,100,27,69,82,33,46,0,0,31,66,65,100,94,8
31,76,52,64,76,26,13,0,0,35,53,69,100,100,16,88,8
88,100,39,100,67,59,77,17,5,0,0,31,60,61,100,94,8
90,78,57,100,0,72,65,37,73,0,3,23,43,64,100,84,8
86,86,10,100,12,67,84,40,71,0,0,18,35,58,100,89,8
56,83,78,50,100,11,19,0,25,37,80,71,83,100,0,84,8
58,92,68,45,86,0,0,0,22,40,94,71,100,100,14,85,8
72,100,23,84,64,44,64,0,0,11,41,49,100,80,58,99,8
100,99,40,91,66,49,58,8,0,0,22,41,66,76,72,100,8
66,100,27,88,42,50,45,11,0,0,7,34,53,53,100,70,8
12,87,56,64,83,27,21,0,0,29,55,62,100,95,9,100,8
83,100,0,91,54,66,100,34,68,0,5,11,11,48,38,85,8
67,96,7,83,66,56,100,23,34,0,0,30,24,68,24,100,8
21,100,48,66,83,32,48,0,36,29,86,62,100,95,0,95,8
100,100,0,91,32,54,92,20,17,0,19,36,75,71,47,92,8
20,100,7,68,34,34,44,0,0,18,63,48,100,81,27,79,8
100,100,53,95,53,58,67,21,20,0,0,25,53,46,94,69,8
76,100,0,90,48,62,93,29,54,0,13,27,44,64,100,94,8
8,90,39,61,44,20,0,0,11,37,55,67,100,96,57,100,8
87,69,68,100,0,76,42,38,86,0,21,7,51,47,100,85,8
24,100,0,79,59,42,98,0,74,0,91,45,100,91,13,93,8
0,100,10,68,55,32,18,0,4,30,57,63,100,98,10,98,8
100,68,75,100,28,83,44,42,49,0,0,4,31,40,90,59,8
100,87,19,100,17,67,92,39,75,0,0,20,29,60,94,92,8
65,100,17,83,52,40,60,0,0,24,34,65,100,93,66,99,8
100,100,4,85,92,59,99,21,11,0,0,32,73,62,49,86,8
95,66,100,100,40,98,29,61,34,23,0,0,11,34,73,56,8
66,100,18,75,36,35,27,0,0,28,48,60,100,91,39,98,8
39,78,45,44,44,2,0,0,39,37,95,70,100,100,29,78,8
100,71,80,100,24,83,40,48,57,12,0,0,11,33,78,56,8
100,99,52,100,42,65,41,29,11,0,0,30,40,58,100,70,8
100,97,47,100,35,69,67,37,57,4,0,0,22,30,66,56,8
100,95,52,100,58,58,59,14,1,0,0,29,52,55,98,75,8
0,75,46,58,67,22,21,0,29,36,74,67,100,100,36,86,8
18,72,68,49,65,13,0,0,21,35,63,67,100,100,37,84,8
0,87,65,67,100,32,78,0,40,30,60,66,80,100,4,94,8
70,98,0,89,60,61,100,26,49,0,12,31,46,68,81,100,8
57,88,4,100,0,63,63,33,100,0,28,14,49,52,91,87,8
100,97,26,100,66,60,89,18,8,0,0,31,62,65,77,98,8
38,96,40,57,61,16,5,0,0,36,50,68,100,100,56,96,8
100,82,29,97,14,62,60,22,0,0,27,39,99,72,77,100,8
100,78,64,100,44,72,52,35,44,0,0,2,18,36,67,56,8
0,92,52,62,100,32,79,0,15,10,42,42,82,74,61,100,8
77,96,0,100,21,61,90,30,62,0,12,24,56,62,100,100,8
82,73,74,100,32,75,73,38,78,0,0,2,34,33,100,60,8
11,100,16,66,27,32,0,0,14,28,64,59,100,92,39,97,8
100,60,82,100,22,89,33,44,47,0,0,1,26,42,93,62,8
43,78,68,40,55,1,0,0,18,37,65,65,100,99,45,100,8
82,94,18,100,28,65,68,30,34,0,0,24,47,56,100,86,8
67,92,0,93,16,57,100,29,78,0,14,25,43,64,67,100,8
19,65,68,37,56,0,0,5,36,40,85,71,100,100,36,80,8
43,93,23,65,55,27,21,0,0,33,48,64,100,93,45,100,8
18,61,51,37,44,0,0,13,33,48,84,79,100,100,35,75,8
30,98,30,76,72,38,60,0,0,11,44,48,100,83,49,100,8
54,96,33,71,73,34,30,0,0,29,49,65,100,100,31,98,8
87,94,47,82,96,43,82,0,0,4,29,43,100,74,97,100,8
86,72,35,100,0,67,68,38,100,1,22,0,43,43,92,82,8
50,100,13,80,76,54,100,16,40,0,37,42,53,84,0,98,8
80,98,0,95,55,68,100,34,52,0,0,24,31,64,29,100,8
59,94,8,100,17,65,90,36,76,0,0,10,48,46,100,83,8
0,93,55,63,98,29,72,0,47,27,93,61,100,100,34,99,8
54,92,0,100,16,65,66,35,72,0,22,15,56,51,100,84,8
0,79,61,54,100,21,61,0,43,34,82,69,82,100,0,92,8
100,64,98,100,51,78,52,39,48,0,0,4,31,38,95,57,8
78,94,3,100,22,66,100,35,62,0,0,25,44,66,41,96,8
73,90,0,100,2,65,57,30,20,0,2,34,59,69,100,98,8
44,68,62,40,100,2,0,0,25,38,98,71,96,100,6,73,8
100,91,0,91,41,60,92,25,20,0,0,29,55,64,88,100,8
0,100,40,68,79,35,72,0,49,23,74,59,100,94,43,86,8
29,88,71,73,100,33,43,0,0,25,39,64,94,100,35,94,8
23,84,28,57,71,22,0,0,6,33,69,66,100,100,2,90,8
82,95,0,83,62,54,100,20,37,0,49,35,89,70,88,100,8
34,77,79,59,100,23,28,0,0,32,38,68,93,100,31,87,8
53,100,27,65,97,33,82,0,27,20,70,58,100,97,0,91,8
100,81,37,100,0,71,49,36,71,0,18,22,51,59,90,93,8
25,92,13,64,52,30,8,0,0,34,46,68,100,100,10,89,8
100,91,33,100,7,73,76,39,67,0,0,25,48,68,91,94,8
94,91,32,81,100,44,91,0,8,18,45,60,98,100,0,100,8
100,97,23,100,14,67,65,34,43,0,0,26,39,62,93,96,8
7,77,54,48,76,10,24,0,49,36,100,69,80,100,0,84,8
63,96,3,100,26,61,54,21,9,0,0,28,50,56,100,84,8
65,100,0,89,67,60,100,24,38,0,29,38,55,78,3,99,8
16,82,51,50,100,17,13,0,0,32,60,65,89,100,16,84,8
88,82,39,100,4,68,100,35,84,0,0,22,49,62,84,93,8
60,100,20,91,32,52,45,12,0,0,5,35,53,54,100,73,8
0,91,15,56,44,22,15,0,36,34,82,67,100,100,5,95,8
89,68,81,100,34,80,34,40,30,0,0,8,38,42,100,59,8
75,100,25,84,55,49,63,14,0,0,3,21,58,46,100,77,8
94,100,8,82,79,46,99,4,0,0,15,41,100,72,47,96,8
31,100,0,74,52,36,48,0,0,18,52,56,100,94,19,94,8
89,83,59,100,41,63,59,23,20,0,0,29,49,54,100,73,8
82,100,24,94,52,46,75,0,0,13,38,56,100,92,64,99,8
72,91,29,94,52,47,61,0,0,17,45,56,100,93,45,100,8
78,100,37,99,58,59,74,20,19,0,0,28,51,55,100,80,8
100,85,32,100,0,67,56,34,68,0,23,24,71,59,61,84,8
14,67,44,47,44,9,0,0,23,36,63,68,100,100,44,88,8
97,66,100,100,53,84,59,43,50,4,0,0,25,36,83,57,8
100,92,57,100,48,66,53,30,28,0,0,20,34,48,85,61,8
76,66,82,100,0,88,49,53,97,15,32,0,38,39,100,72,8
90,79,70,100,0,74,51,37,100,0,22,10,56,50,79,87,8
80,93,0,100,7,62,78,34,64,0,0,20,56,56,100,90,8
100,81,62,100,35,72,46,35,39,0,0,14,34,44,94,57,8
100,55,77,100,0,88,56,48,90,0,15,1,49,50,98,81,8
0,81,50,53,100,25,69,0,28,24,44,54,78,84,39,100,8
7,61,49,36,46,0,0,6,30,40,77,71,100,100,31,83,8
82,90,50,66,100,30,40,0,18,27,72,62,100,100,0,99,8
14,84,43,52,44,12,0,0,19,38,59,69,100,100,57,98,8
30,82,0,70,42,34,0,0,18,34,80,67,100,100,8,82,8
100,80,73,100,68,62,69,22,27,0,0,29,45,50,93,63,8
100,76,52,100,0,71,53,37,64,0,37,23,75,59,88,85,8
73,97,43,100,49,55,42,10,0,0,6,42,56,60,100,79,8
46,100,0,100,7,61,63,30,48,0,8,28,50,64,100,98,8
84,100,16,87,88,59,100,23,19,0,0,31,39,67,21,96,8
0,95,32,69,68,34,45,0,30,25,70,59,100,95,30,100,8
43,87,43,51,47,14,0,0,29,33,71,63,100,96,45,100,8
77,84,48,72,68,33,38,0,0,17,50,48,100,79,64,100,8
100,100,29,98,39,65,88,34,81,1,0,0,27,34,84,62,8
100,64,96,100,49,79,75,40,57,0,0,15,46,45,97,69,8
61,93,51,73,71,35,40,0,0,24,44,58,100,88,51,100,8
91,100,36,74,52,38,52,0,0,9,55,43,100,78,91,75,8
60,94,40,72,97,36,93,0,0,15,30,52,100,86,37,100,8
0,67,46,60,61,23,24,0,35,36,72,67,100,100,45,85,8
66,100,11,88,38,45,66,1,0,0,47,40,100,78,51,88,8
45,99,29,73,72,36,49,0,0,23,45,59,100,92,39,100,8
33,81,56,52,74,15,0,0,10,34,64,66,100,100,24,89,8
93,100,53,92,60,49,56,8,0,0,11,35,62,57,100,84,8
7,100,15,64,28,27,0,0,7,34,67,63,100,94,20,91,8
16,88,0,68,63,38,84,0,22,15,57,58,100,99,58,100,8
25,85,16,59,43,22,0,0,22,34,73,66,100,100,25,89,8
68,84,0,100,2,65,97,35,100,0,11,16,52,58,74,98,8
84,88,7,100,11,65,66,31,33,0,0,32,61,65,100,88,8
100,76,70,100,0,73,64,38,73,0,17,23,83,58,79,88,8
100,86,15,100,0,70,98,37,81,0,35,26,92,65,81,93,8
100,96,32,100,43,66,93,32,58,0,0,20,22,59,64,94,8
88,93,2,100,22,66,100,37,75,0,0,11,28,52,88,86,8
45,87,56,67,51,25,0,0,5,35,53,68,100,100,47,98,8
86,85,40,100,33,67,100,34,98,0,0,18,29,53,98,86,8
100,95,40,100,31,63,73,29,45,0,0,17,45,49,94,81,8
65,83,24,100,18,71,79,37,78,0,0,22,44,59,100,92,8
93,100,49,75,69,37,62,0,0,2,38,38,100,69,67,87,8
57,93,0,71,61,42,100,6,31,0,40,42,71,82,21,100,8
100,78,64,100,0,75,57,37,46,0,24,31,82,68,100,98,8
83,91,2,100,21,67,77,36,62,0,0,17,42,54,100,87,8
100,96,38,100,48,69,85,36,65,2,0,0,33,28,86,53,8
10,99,34,69,100,36,83,0,7,19,31,56,72,92,0,100,8
0,91,30,60,100,30,100,0,22,23,43,54,96,85,26,100,8
100,80,38,100,6,65,91,39,82,0,0,16,48,53,100,89,8
75,72,23,100,40,65,98,32,67,0,0,17,48,52,100,83,8
94,97,0,90,60,56,100,18,29,0,32,38,85,74,51,100,8
44,91,20,83,94,48,100,4,0,0,11,45,67,87,7,100,8
0,67,41,40,48,0,9,0,40,38,83,72,100,100,35,79,8
11,100,49,67,100,35,93,0,49,16,69,53,78,90,0,89,8
100,80,66,100,34,71,29,35,15,0,0,19,41,45,97,58,8
35,60,76,44,56,0,0,3,40,44,100,80,91,100,25,68,8
53,100,2,77,66,46,100,10,17,0,0,33,68,62,66,98,8
85,81,44,100,28,68,68,34,68,0,0,9,50,40,100,72,8
80,100,31,87,78,45,87,0,0,2,33,45,100,83,36,79,8
4,69,57,50,46,6,0,0,46,40,100,77,82,100,5,72,8
87,100,49,88,50,46,42,6,0,0,10,36,58,51,100,75,8
86,70,70,100,28,79,42,39,30,0,0,16,41,46,100,62,8
77,82,48,100,31,73,100,38,85,0,0,22,61,57,97,92,8
100,99,32,100,23,64,93,33,75,0,0,21,39,58,79,94,8
72,94,14,85,53,44,63,1,0,0,47,38,100,75,39,100,8
83,90,0,100,34,67,100,34,70,0,4,24,45,61,74,90,8
71,81,2,86,65,45,100,0,0,2,20,50,87,91,38,100,8
65,100,4,79,73,52,100,17,31,0,0,35,49,68,69,97,8
89,73,78,100,25,72,71,36,69,0,0,19,54,53,100,86,8
66,96,66,77,71,32,33,0,0,31,49,64,100,96,48,100,8
78,82,26,100,0,69,77,36,66,0,7,24,70,62,100,95,8
97,74,79,100,37,74,59,35,35,0,0,19,41,52,100,71,8
42,75,62,57,100,25,42,0,0,26,33,60,76,92,42,100,8
0,60,63,39,57,0,22,10,54,47,100,82,91,100,23,75,8
86,82,46,100,43,66,86,32,63,0,0,12,46,45,100,75,8
93,81,43,100,22,69,63,36,60,0,0,2,33,31,100,47,8
35,100,27,71,65,36,48,0,0,19,44,52,100,83,56,95,8
84,61,100,100,43,96,33,49,34,0,0,9,31,50,90,69,8
74,100,43,73,94,38,100,0,51,8,79,46,91,84,0,88,8
30,83,65,53,91,13,11,0,0,34,67,64,100,100,22,97,8
81,100,6,97,38,62,100,30,58,0,0,22,42,61,96,96,8
84,100,54,77,58,40,48,5,0,0,12,28,60,44,100,65,8
100,77,70,100,33,75,31,36,17,0,0,17,39,45,93,62,8
52,100,14,74,14,37,0,0,11,30,57,61,100,94,41,100,8
100,83,30,100,0,72,52,38,59,0,30,16,64,54,71,88,8
100,82,51,100,0,72,56,37,78,0,36,12,68,51,92,85,8
78,72,60,100,0,72,56,37,100,0,31,3,57,43,95,83,8
71,100,0,88,51,58,100,26,47,0,2,25,62,55,89,91,8
100,78,52,100,17,76,86,39,72,0,0,25,60,64,84,92,8
17,99,7,62,29,25,12,0,0,36,59,68,100,100,15,85,8
5,79,32,48,32,7,0,0,31,37,78,68,100,100,41,77,8
71,85,40,100,43,59,46,18,4,0,0,33,56,48,100,69,8
28,81,71,63,100,26,32,0,0,28,42,64,85,100,12,87,8
30,91,51,64,61,25,6,0,0,34,49,67,100,100,43,95,8
0,89,44,66,63,30,36,0,34,34,68,67,100,100,53,95,8
93,84,41,100,36,65,90,33,71,0,0,7,53,39,100,74,8
76,87,38,100,45,64,51,23,15,0,0,25,51,42,100,62,8
89,91,34,100,39,66,74,31,49,0,0,19,46,49,100,76,8
18,84,6,71,67,37,38,0,0,27,51,64,100,100,17,79,8
0,91,40,58,62,22,22,0,22,35,69,67,100,100,18,91,8
100,84,42,100,0,72,39,36,75,0,32,16,63,55,69,91,8
52,86,60,50,50,14,0,0,27,32,73,61,100,94,40,100,8
94,93,6,100,17,69,100,43,79,0,0,17,17,63,88,95,8
61,100,0,84,51,60,100,33,72,0,16,17,41,53,87,84,8
73,83,18,100,0,67,72,34,100,0,6,16,37,54,70,88,8
49,89,71,59,98,23,38,0,18,33,60,67,100,100,0,94,8
86,95,9,96,27,61,100,31,64,0,0,24,55,61,93,100,8
50,83,74,47,90,0,41,4,59,49,100,85,47,100,0,71,8
91,94,13,83,67,52,100,18,16,0,0,33,36,68,48,100,8
100,73,77,100,31,80,31,40,29,0,0,14,35,46,90,62,8
35,70,75,47,75,10,0,0,18,36,68,68,100,100,23,79,8
8,67,51,37,22,0,9,24,53,58,100,92,59,100,0,74,8
100,81,22,100,0,67,59,33,47,0,28,29,87,64,66,89,8
77,81,14,100,23,66,79,34,67,0,0,14,47,48,100,80,8
95,100,54,94,67,54,61,14,15,0,0,38,46,58,100,72,8
