35,76,57,100,100,92,68,66,81,38,82,9,32,0,0,17,3
50,84,66,100,75,75,51,51,100,42,97,13,49,0,0,7,3
30,86,67,100,77,77,53,50,78,40,100,17,56,0,0,5,3
0,83,29,100,88,95,64,69,73,43,100,13,50,1,10,0,3
5,90,46,98,89,100,100,81,77,59,62,34,37,14,0,0,3
47,86,73,100,89,75,68,49,100,28,82,4,38,0,0,13,3
11,92,56,100,83,82,52,59,87,39,100,14,55,0,0,0,3
20,82,62,100,100,81,68,54,82,50,89,19,42,0,0,13,3
0,84,50,100,72,79,37,52,51,41,100,27,62,3,3,0,3
26,79,69,100,92,85,56,56,90,42,100,15,51,0,0,2,3
8,77,47,100,100,96,71,66,100,46,99,13,46,0,0,13,3
20,85,62,100,71,72,45,52,98,47,100,17,53,0,0,0,3
38,94,90,100,94,79,59,57,68,33,100,12,54,0,0,1,3
52,91,72,100,87,70,57,43,100,45,90,15,43,0,0,12,3
2,78,46,99,100,100,77,76,94,38,94,0,41,3,0,28,3
37,84,69,100,96,87,55,61,88,38,100,9,51,0,0,3,3
21,75,40,100,85,94,67,63,100,43,95,11,47,0,0,13,3
46,83,87,100,100,79,75,54,90,36,100,13,49,0,0,12,3
19,73,54,91,100,100,99,78,86,52,78,26,43,8,0,0,3
36,90,86,100,87,73,47,49,92,44,100,16,53,0,0,1,3
44,80,80,100,100,85,72,59,92,38,93,14,49,3,0,0,3
46,96,80,100,81,76,77,60,100,36,75,12,36,0,0,6,3
52,80,84,100,100,75,58,53,91,48,89,10,44,0,0,16,3
0,82,40,100,80,80,43,53,54,45,100,25,63,0,3,4,3
34,79,66,100,83,72,52,51,100,49,91,13,43,0,0,14,3
33,80,23,100,87,96,97,68,79,44,100,16,44,0,0,22,3
23,76,52,100,100,98,79,71,63,50,82,19,49,0,0,7,3
39,81,72,100,100,77,71,51,95,43,95,16,50,0,0,1,3
11,84,52,100,100,96,83,66,72,50,87,16,45,0,0,11,3
13,78,45,100,97,87,69,58,76,47,100,15,49,0,0,19,3
33,78,66,100,91,86,64,60,100,42,82,10,41,0,0,7,3
5,85,50,100,79,77,54,50,85,44,100,22,56,2,0,0,3
22,83,62,100,92,78,51,53,55,37,100,17,55,0,0,7,3
0,83,37,100,81,90,65,61,100,45,97,15,54,0,14,7,3
40,84,61,100,87,83,53,60,96,47,100,23,55,5,0,0,3
17,82,56,100,100,90,64,66,85,40,94,12,48,3,0,0,3
18,78,53,100,90,81,43,57,90,55,100,22,52,0,0,16,3
35,98,76,100,80,72,67,54,100,34,77,9,35,0,0,7,3
0,83,11,100,56,93,53,67,66,42,100,20,73,1,16,0,3
22,75,47,100,74,82,47,53,84,44,100,17,54,0,0,9,3
12,86,62,100,92,86,54,64,81,46,100,22,62,0,0,5,3
44,83,70,100,93,77,59,50,93,44,100,16,53,0,0,3,3
12,76,47,100,100,98,97,72,52,54,74,30,52,5,0,0,3
12,82,41,100,84,84,54,51,88,43,100,10,50,0,0,6,3
49,86,50,100,100,96,81,66,82,40,87,9,38,0,0,22,3
26,89,64,100,81,82,73,61,100,37,81,11,41,0,0,5,3
42,79,67,100,78,79,71,60,100,39,85,10,41,0,0,14,3
15,90,57,100,82,85,60,62,100,47,86,23,44,8,0,0,3
15,72,47,100,88,89,52,60,75,35,100,7,50,0,0,11,3
22,77,34,100,90,99,65,67,72,56,100,28,58,2,0,0,3
0,90,46,100,100,98,87,76,56,56,74,34,56,12,8,0,3
52,96,84,100,100,79,73,58,84,35,90,11,47,0,0,5,3
19,74,43,100,70,80,53,53,100,42,98,12,50,0,0,4,3
45,79,57,100,100,93,86,66,70,44,87,20,46,6,0,0,3
10,86,51,100,84,78,53,48,85,40,100,14,52,0,0,0,3
29,89,84,100,80,73,36,50,94,38,100,9,41,0,0,17,3
62,77,76,100,95,83,56,58,95,52,100,21,55,2,0,0,3
19,81,53,100,68,79,49,52,95,38,100,9,50,0,0,7,3
9,86,53,100,96,81,64,55,93,48,100,18,51,0,0,11,3
0,84,39,100,79,78,39,55,67,48,100,21,62,0,15,10,3
20,82,35,100,73,87,42,60,72,49,100,26,57,4,0,0,3
0,69,29,100,77,97,39,64,61,38,100,10,47,0,2,15,3
13,84,66,100,90,80,52,54,75,51,100,24,60,0,0,1,3
22,98,71,100,100,80,59,61,99,39,95,10,47,0,0,10,3
59,85,84,100,82,79,60,56,100,48,74,28,37,14,0,0,3
57,82,65,100,100,88,89,64,79,39,75,13,39,2,0,0,3
58,94,84,100,82,74,46,57,92,42,100,14,52,0,0,1,3
50,91,78,100,85,74,71,61,100,38,81,10,41,0,0,4,3
25,85,59,100,86,89,86,67,100,45,88,24,49,9,0,0,3
0,78,36,100,79,99,85,67,70,41,100,16,63,0,24,16,3
66,100,100,94,91,69,69,47,95,24,74,2,36,0,0,9,3
25,79,35,100,78,78,50,50,68,48,100,21,59,0,0,11,3
0,83,32,100,75,89,39,69,49,49,100,35,70,15,21,0,3
20,84,60,100,93,83,60,58,73,43,100,22,54,5,0,0,3
62,86,87,100,100,79,85,54,85,25,64,4,29,0,0,12,3
5,85,47,100,95,93,55,70,78,50,100,29,49,14,0,0,3
19,71,55,100,100,99,73,66,55,44,97,22,55,0,0,4,3
32,89,67,100,100,93,79,71,66,47,68,22,40,6,0,0,3
25,91,61,100,74,75,44,55,94,43,100,16,53,0,0,6,3
42,98,89,100,73,72,59,52,100,32,88,3,41,0,0,19,3
15,90,59,100,71,74,50,55,99,42,100,13,53,0,0,10,3
75,86,100,100,95,78,65,57,90,36,81,10,42,0,0,0,3
58,83,85,100,93,77,50,57,94,40,100,11,50,0,0,11,3
9,78,39,100,86,87,51,58,79,50,100,19,54,0,0,11,3
48,80,50,100,100,99,78,69,76,49,91,18,45,0,0,9,3
45,87,41,100,89,96,54,65,68,55,100,26,60,0,0,3,3
10,76,39,100,88,87,55,62,100,43,98,13,43,0,0,8,3
3,87,50,100,100,100,78,76,76,52,90,30,47,13,0,0,3
0,92,42,100,90,100,100,83,71,63,57,40,44,17,14,0,3
0,91,36,100,62,83,57,60,70,39,100,22,78,4,39,0,3
0,79,27,100,84,99,82,75,84,52,100,28,55,11,2,0,3
23,88,68,100,100,84,73,60,82,37,98,12,52,0,0,3,3
75,80,93,100,100,81,80,59,66,35,66,9,34,0,0,4,3
4,80,50,100,100,91,71,60,46,44,89,25,51,0,0,6,3
32,87,74,100,82,75,45,53,87,43,100,18,54,0,0,3,3
51,100,93,95,64,73,70,61,100,39,82,12,38,0,0,7,3
46,88,78,100,79,67,65,47,100,32,75,7,37,0,0,5,3
0,96,51,100,98,88,87,61,53,42,100,27,68,7,17,0,3
11,85,31,100,92,95,75,63,46,36,100,16,62,0,0,9,3
4,77,29,100,80,98,68,69,93,46,100,13,52,0,0,4,3
25,75,37,98,92,100,100,75,68,51,97,27,51,9,0,0,3
41,81,63,100,82,75,52,47,100,46,98,17,46,0,0,9,3
25,89,62,100,65,78,66,52,100,33,81,7,41,0,0,3,3
21,83,55,100,92,86,73,61,92,35,100,9,52,0,0,0,3
34,78,60,100,100,81,70,57,94,39,89,9,39,0,0,17,3
38,78,52,100,97,79,58,52,78,41,100,11,38,0,0,20,3
49,84,55,100,100,98,72,72,48,50,81,31,49,8,0,0,3
0,92,44,100,80,88,43,67,71,45,100,23,54,7,2,0,3
53,92,88,100,100,86,73,65,70,39,70,13,36,1,0,0,3
47,74,68,100,100,88,74,60,62,34,96,18,52,0,0,4,3
41,85,77,100,92,73,66,49,100,31,78,5,37,0,0,15,3
17,85,51,100,83,82,55,53,59,39,100,20,55,0,0,3,3
23,67,31,94,90,100,80,75,76,44,100,14,56,0,0,5,3
5,88,50,100,76,80,44,58,73,43,100,21,59,3,0,0,3
46,84,72,100,83,83,82,60,100,36,77,12,39,0,0,3,3
0,80,39,100,73,83,38,57,60,42,100,22,62,1,9,0,3
55,79,82,100,98,81,69,60,100,42,85,19,45,5,0,0,3
61,74,78,100,100,79,73,52,87,40,87,12,41,0,0,14,3
0,85,49,100,100,93,69,70,38,48,96,35,91,13,36,0,3
0,82,46,100,88,91,45,68,49,43,100,25,83,6,23,0,3
46,99,82,100,82,72,77,56,100,31,75,7,38,0,0,6,3
2,96,53,100,100,91,67,71,55,49,79,24,46,6,0,0,3
0,85,43,100,68,87,50,61,92,44,100,14,55,0,8,8,3
0,85,43,100,100,95,85,74,44,57,33,37,50,16,9,0,3
23,84,56,100,100,93,80,73,68,51,76,28,42,12,0,0,3
0,67,35,98,88,100,64,65,49,39,100,22,63,0,8,1,3
30,83,60,100,100,86,67,60,94,43,75,14,27,0,0,16,3
26,87,63,100,83,83,57,57,100,40,90,10,41,0,0,12,3
6,85,48,100,83,83,60,56,100,38,86,13,34,0,0,2,3
16,88,58,100,96,82,72,55,100,34,98,7,48,0,0,10,3
19,87,61,100,96,77,72,50,64,39,100,15,51,0,0,14,3
39,92,89,100,95,77,53,57,91,45,100,17,55,0,0,2,3
0,75,32,100,80,99,66,69,68,44,100,20,60,0,6,1,3
64,83,86,100,100,76,68,53,94,36,78,11,40,3,0,0,3
42,87,77,100,75,76,70,52,100,34,88,10,44,0,0,5,3
39,83,63,100,78,78,71,61,100,39,78,11,36,0,0,17,3
0,77,30,100,74,96,56,63,75,43,100,14,59,0,13,5,3
17,91,63,100,66,75,56,53,100,36,94,10,40,0,0,9,3
35,92,61,100,81,75,59,60,100,43,86,10,40,0,0,7,3
31,85,51,100,78,80,64,63,100,41,84,11,41,0,0,10,3
7,90,55,100,93,82,79,54,41,31,0,10,40,0,100,0,3
0,83,35,100,86,88,42,63,52,47,100,27,60,4,2,0,3
48,100,89,100,76,77,69,56,100,35,89,11,45,0,0,8,3
0,86,33,100,60,81,58,59,96,44,100,14,62,0,20,6,3
0,90,41,100,83,88,65,65,69,43,100,22,66,5,14,0,3
0,80,35,100,80,89,58,61,68,39,100,15,55,0,2,3,3
49,85,84,100,89,81,48,61,90,49,100,30,51,14,0,0,3
28,77,62,100,100,85,67,58,96,40,92,9,41,0,0,18,3
0,80,43,93,91,100,96,80,75,57,100,36,90,14,48,0,3
0,85,26,100,74,89,62,64,61,39,100,21,64,4,7,0,3
53,92,75,100,72,71,64,60,100,44,78,15,32,0,0,10,3
20,80,54,100,100,95,74,65,83,41,93,9,47,0,0,2,3
4,84,50,100,57,79,39,52,90,41,100,15,52,0,0,5,3
17,71,38,100,90,85,68,51,66,44,100,15,53,0,0,18,3
26,85,68,100,91,79,68,54,83,40,100,16,56,0,0,7,3
47,80,71,100,100,89,38,72,44,48,91,23,45,0,0,10,3
55,82,95,100,98,83,64,62,91,38,100,13,49,0,0,8,3
39,96,79,100,71,71,68,55,100,34,86,4,43,0,0,11,3
12,69,26,99,79,100,70,73,79,49,100,15,53,0,0,12,3
49,95,82,100,68,68,73,66,100,41,74,12,29,0,0,21,3
36,90,84,100,100,75,62,51,82,45,85,13,38,0,0,19,3
42,90,74,100,100,87,70,70,46,50,56,19,35,0,0,5,3
33,93,84,100,90,78,46,59,94,47,100,18,56,1,0,0,3
53,93,96,100,99,76,65,55,79,36,100,14,54,0,0,0,3
27,82,58,100,73,83,68,53,100,34,76,8,38,0,0,5,3
26,81,67,100,82,80,53,54,77,40,100,18,56,0,0,1,3
40,88,78,100,71,66,68,61,100,39,70,7,19,0,0,27,3
36,87,24,100,77,100,64,70,74,52,100,26,62,2,0,0,3
24,81,57,100,85,76,59,47,82,41,100,15,53,0,0,5,3
44,81,72,100,100,82,64,58,99,42,93,13,47,1,0,0,3
25,79,59,100,100,88,63,63,35,41,80,21,54,0,0,6,3
7,85,29,100,28,70,26,55,83,58,100,31,55,11,0,0,3
45,77,74,100,100,87,74,58,81,40,74,6,37,0,0,11,3
10,87,58,100,92,84,64,58,62,36,100,17,55,0,0,1,3
42,87,80,100,70,72,58,62,100,46,87,15,42,0,0,3,3
9,83,30,100,84,95,64,67,85,50,100,23,57,3,0,0,3
32,88,21,100,66,94,45,65,69,54,100,29,64,3,0,0,3
68,90,100,100,100,80,79,59,71,35,73,11,39,0,0,3,3
29,78,52,100,72,80,65,61,100,43,81,14,33,0,0,20,3
10,78,49,100,100,98,69,68,85,43,100,14,51,2,0,0,3
7,90,57,100,86,81,46,62,92,45,100,18,58,0,0,0,3
1,90,47,100,74,83,53,57,67,32,100,12,51,1,0,0,3
59,73,48,100,99,95,81,63,93,44,100,13,50,0,0,11,3
35,87,86,100,100,76,52,57,89,53,97,21,53,0,0,8,3
0,91,41,100,67,76,53,61,99,48,100,15,54,0,6,7,3
38,79,69,100,88,80,61,56,87,38,100,13,53,0,0,2,3
59,86,60,100,96,91,71,63,87,47,100,21,57,2,0,0,3
54,77,47,98,100,100,93,74,77,43,96,11,46,0,0,16,3
26,80,50,100,100,95,58,72,50,47,90,20,53,0,0,5,3
24,83,58,100,86,83,66,57,100,35,87,6,42,0,0,13,3
61,91,88,100,100,81,78,61,63,38,60,14,34,0,0,1,3
32,80,71,100,100,85,62,61,78,50,83,14,40,0,0,20,3
41,82,64,100,83,77,46,53,93,42,100,19,52,6,0,0,3
35,73,63,100,97,87,58,64,100,44,100,11,50,0,0,8,3
0,88,18,100,68,97,59,70,55,50,100,37,84,11,35,0,3
47,86,87,100,100,74,67,51,97,32,96,7,48,0,0,7,3
4,85,39,100,83,85,57,60,59,41,100,21,62,0,0,1,3
36,86,68,100,100,77,62,52,71,45,99,19,52,2,0,0,3
8,77,39,95,86,100,100,80,68,59,73,35,40,15,0,0,3
19,93,66,100,78,78,41,58,63,41,100,23,53,9,0,0,3
30,74,45,100,87,90,56,59,100,40,83,9,30,0,0,15,3
51,83,75,100,82,76,74,47,100,24,74,3,32,0,0,16,3
0,84,37,100,59,76,24,49,70,43,100,21,60,0,7,6,3
25,79,58,100,88,84,56,56,79,43,100,19,54,0,0,8,3
27,81,43,100,86,84,52,60,84,43,100,16,54,0,0,1,3
7,84,45,100,79,83,53,66,100,52,93,19,50,0,0,5,3
43,77,53,100,95,94,68,67,80,53,100,29,57,7,0,0,3
32,90,65,100,100,90,75,71,59,50,68,27,39,10,0,0,3
5,84,40,100,79,82,26,62,56,46,100,22,65,0,0,8,3
43,82,60,100,100,91,74,68,60,50,77,26,41,10,0,0,3
40,83,71,100,99,79,66,54,84,44,100,18,56,0,0,3,3
20,84,58,100,59,74,53,53,100,42,98,15,53,0,0,1,3
1,72,39,100,90,92,50,64,52,53,100,35,60,8,0,0,3
33,90,66,100,66,71,63,64,100,44,78,14,27,0,0,24,3
9,78,48,100,100,94,78,63,85,36,73,6,19,0,0,29,3
26,88,61,100,100,94,88,67,97,40,78,17,40,6,0,0,3
39,94,74,100,62,74,66,67,100,45,85,16,36,0,0,12,3
33,87,49,100,94,83,49,64,73,47,100,20,60,0,0,3,3
0,84,30,100,36,75,28,52,89,52,100,27,64,6,6,0,3
25,85,48,100,100,97,92,76,65,57,70,33,44,13,0,0,3
27,86,70,100,77,77,50,53,96,40,100,19,52,6,0,0,3
38,96,78,100,91,82,51,60,88,35,100,4,48,0,0,5,3
0,82,30,100,75,86,50,55,58,40,100,21,62,0,8,2,3
2,91,44,100,91,82,52,55,62,54,100,27,56,3,0,0,3
10,73,33,100,60,82,59,63,100,41,92,6,43,0,0,18,3
55,72,53,100,100,95,86,66,73,38,88,5,42,0,0,17,3
0,86,38,100,84,95,82,69,75,43,100,19,68,0,22,2,3
26,94,75,100,92,77,45,59,81,43,100,11,51,0,0,1,3
63,92,100,100,99,76,67,55,91,34,96,10,48,0,0,4,3
48,79,73,100,100,78,69,52,98,34,94,7,48,0,0,4,3
55,94,30,100,84,99,63,66,77,58,100,31,60,3,0,0,3
28,81,59,100,100,94,78,68,51,44,83,25,44,8,0,0,3
3,74,33,100,81,92,51,64,85,47,100,16,53,0,0,9,3
16,89,43,100,86,89,56,61,79,33,100,5,49,0,0,11,3
17,80,48,100,70,77,56,54,100,45,91,13,48,0,0,6,3
13,89,54,100,100,97,90,72,68,48,73,21,44,1,0,0,3
12,88,53,100,100,94,68,69,80,39,95,10,51,0,0,6,3
14,76,50,100,100,95,71,64,59,52,83,20,42,0,0,18,3
15,74,23,100,72,92,53,60,75,45,100,18,55,0,0,1,3
7,78,33,96,89,100,100,80,64,60,74,36,46,14,0,0,3
30,88,76,100,100,77,62,50,53,36,94,17,51,0,0,3,3
16,85,45,100,96,93,85,66,88,40,100,15,52,4,0,0,3
0,88,34,100,92,97,74,72,62,46,100,24,89,3,31,0,3
32,85,60,100,88,81,47,59,81,43,100,15,54,0,0,4,3
24,91,49,100,68,84,51,59,78,37,100,15,56,1,0,0,3
0,90,45,100,85,88,57,64,69,40,100,17,67,1,17,0,3
63,78,59,100,100,94,70,68,91,48,94,27,48,12,0,0,3
1,66,28,93,81,100,72,75,82,43,100,12,54,0,0,2,3
82,94,100,100,96,79,90,55,99,30,74,11,37,6,0,0,3
0,80,36,100,81,92,49,65,86,53,100,24,57,4,6,0,3
0,88,5,100,67,98,50,67,63,60,100,36,70,7,5,0,3
0,88,35,100,69,85,62,58,66,32,100,14,74,1,31,0,3
35,72,26,94,91,100,82,67,64,51,100,26,53,0,0,3,3
15,87,46,100,87,83,49,59,87,47,100,19,54,0,0,1,3
6,82,49,100,100,89,70,63,30,40,85,26,60,4,0,0,3
23,82,58,100,87,86,62,57,100,49,85,19,45,2,0,0,3
10,77,37,100,90,88,72,57,99,52,100,18,48,0,0,17,3
0,81,20,100,64,100,100,85,72,60,35,42,46,21,79,0,3
19,89,60,100,54,69,47,50,100,48,99,20,54,2,0,0,3
62,100,84,93,67,70,82,48,100,26,77,6,39,0,0,2,3
14,89,57,100,90,78,49,55,70,39,100,12,52,0,0,9,3
55,82,53,100,100,86,81,59,38,39,78,24,54,3,0,0,3
0,70,14,97,66,100,100,79,66,55,94,27,90,0,41,2,3
7,96,59,100,100,89,65,67,71,52,92,31,52,12,0,0,3
29,82,44,100,93,92,68,63,77,40,100,13,53,0,0,4,3
30,87,65,100,83,80,73,61,100,39,81,14,41,0,0,4,3
0,84,41,100,86,75,33,52,54,45,100,19,51,0,2,13,3
16,89,54,100,94,88,61,65,100,43,96,12,50,1,0,0,3
24,93,49,100,100,90,67,63,50,35,97,17,54,0,0,6,3
30,78,64,100,90,82,62,57,95,42,100,17,52,4,0,0,3
0,86,37,100,85,93,72,67,94,36,100,4,53,0,6,11,3
0,100,48,99,59,77,61,54,91,35,100,15,59,1,11,0,3
0,83,43,100,72,76,35,51,69,45,100,21,59,0,5,0,3
30,84,36,100,79,90,56,63,86,51,100,26,61,4,0,0,3
12,80,40,100,81,90,64,60,64,30,100,9,53,0,0,1,3
1,85,40,100,91,78,41,52,47,45,100,20,56,0,0,15,3
68,77,77,100,100,87,65,66,81,44,98,21,52,7,0,0,3
44,80,74,100,100,79,74,50,84,39,86,12,42,0,0,9,3
56,71,40,98,93,100,85,65,72,50,100,21,54,0,0,12,3
10,72,45,100,85,84,56,53,100,42,92,10,37,0,0,17,3
20,87,60,100,69,75,50,52,100,44,96,18,51,1,0,0,3
24,86,22,100,76,90,49,64,57,50,100,27,70,1,0,0,3
18,82,53,100,76,79,45,64,90,45,100,14,52,0,0,5,3
32,72,57,93,100,100,87,78,62,56,61,30,44,7,0,0,3
17,84,64,100,97,82,66,55,60,40,100,23,60,0,0,6,3
25,92,67,100,100,87,62,69,70,47,88,23,46,8,0,0,3
45,85,79,100,89,78,65,54,100,33,97,8,46,0,0,10,3
0,83,42,100,98,97,93,71,81,44,100,15,58,0,4,7,3
15,86,49,100,100,99,93,78,57,60,64,36,42,15,0,0,3
11,89,55,100,100,94,82,69,97,44,93,19,49,6,0,0,3
0,82,41,100,90,88,69,59,73,48,100,19,56,0,3,5,3
0,93,36,100,79,98,94,79,72,57,100,33,79,11,38,0,3
38,69,43,95,100,100,96,73,53,51,76,26,52,0,0,2,3
2,55,18,86,70,100,98,79,75,50,100,15,52,0,0,15,3
14,75,39,100,99,94,81,64,45,41,100,27,57,4,0,0,3
30,86,65,100,84,85,58,63,100,45,98,21,51,6,0,0,3
47,84,65,100,85,75,67,46,100,35,86,9,41,0,0,8,3
0,90,27,100,81,95,57,72,69,51,100,29,56,13,7,0,3
21,93,64,100,100,83,71,57,94,34,95,12,48,5,0,0,3
65,78,77,100,100,76,66,53,99,32,83,7,35,0,0,11,3
33,85,69,100,78,78,53,56,100,44,93,16,48,1,0,0,3
7,94,54,100,76,80,30,63,73,43,100,17,60,0,0,6,3
45,91,88,100,100,77,69,54,100,39,99,12,51,0,0,1,3
27,83,50,100,77,84,36,62,69,42,100,17,55,0,0,3,3
19,92,58,100,100,100,94,79,73,55,69,25,40,5,0,0,3
13,90,44,100,91,99,80,71,100,43,92,17,47,5,0,0,3
45,76,57,100,100,94,80,67,87,44,82,16,41,0,0,14,3
49,78,69,100,100,95,76,72,61,46,59,18,33,0,0,12,3
1,85,46,100,70,88,55,58,97,39,100,10,51,0,0,2,3
25,90,24,100,61,90,31,64,77,53,100,27,68,4,0,0,3
0,85,35,100,77,91,65,65,68,40,100,19,73,1,24,0,3
4,90,53,100,100,91,66,68,78,39,97,9,51,0,0,4,3
52,84,79,100,100,84,77,63,72,34,67,8,33,0,0,2,3
0,88,30,100,68,90,60,62,72,37,100,16,70,0,27,1,3
6,88,52,100,100,92,83,71,54,52,65,32,48,12,0,0,3
37,89,73,100,58,72,81,59,100,29,75,2,30,0,0,23,3
58,100,100,93,96,69,54,58,83,45,81,17,45,0,0,3,3
2,78,33,100,88,97,86,71,79,41,100,11,54,0,0,4,3
31,88,68,100,60,86,76,68,100,44,78,18,39,6,0,0,3
38,89,84,100,79,73,46,49,91,42,100,16,52,0,0,7,3
66,89,100,100,99,81,77,61,64,38,67,15,38,1,0,0,3
0,76,33,100,82,92,45,70,69,45,100,16,58,0,13,10,3
40,82,58,100,79,77,57,62,100,44,83,16,37,0,0,11,3
17,64,38,100,98,94,63,62,67,49,100,15,42,0,0,17,3
20,92,58,100,100,87,72,60,71,38,95,15,49,4,0,0,3
18,98,64,100,93,80,68,58,100,36,92,8,47,0,0,2,3
0,78,26,94,95,100,100,82,57,61,62,37,57,14,0,0,3
41,82,66,100,100,78,62,51,77,43,95,13,49,0,0,8,3
0,66,3,93,52,100,100,91,84,65,45,46,27,21,65,0,3
8,92,52,100,91,88,76,61,92,37,100,14,51,3,0,0,3
14,77,53,100,79,77,43,46,83,36,100,9,50,0,0,1,3
43,84,76,100,100,78,62,55,83,43,99,14,53,0,0,7,3
47,87,75,100,80,73,85,54,100,31,74,8,38,0,0,5,3
53,98,88,100,100,80,78,60,58,40,57,17,35,0,0,3,3
48,86,64,100,94,80,58,54,100,52,87,19,43,0,0,7,3
21,86,55,100,87,79,62,49,83,38,100,12,52,0,0,4,3
0,90,36,100,64,89,53,64,67,41,100,25,88,7,48,0,3
46,78,49,100,100,93,78,65,86,39,87,10,36,0,0,19,3
20,91,61,100,71,78,59,51,100,34,86,11,37,0,0,1,3
41,80,61,100,83,78,65,58,100,44,84,17,45,0,0,0,3
0,88,36,100,70,87,68,61,70,34,100,15,64,1,17,0,3
4,93,50,100,82,79,49,50,70,45,100,19,56,0,0,10,3
24,75,24,100,70,81,60,48,65,41,100,16,49,0,0,20,3
7,89,54,100,69,76,40,52,91,45,100,19,52,6,0,0,3
0,88,45,100,66,72,27,48,59,43,100,21,60,0,7,4,3
57,82,58,100,96,90,72,61,100,45,86,15,44,0,0,4,3
52,79,71,100,92,78,67,52,100,35,84,9,39,0,0,8,3
0,82,36,100,88,93,63,65,69,48,100,21,60,0,8,9,3
0,89,38,100,65,85,55,60,69,37,100,18,81,0,45,1,3
0,78,34,100,80,91,63,57,57,43,100,25,72,0,24,1,3
39,78,25,97,74,100,100,81,85,57,72,32,46,10,0,0,3
59,94,71,100,100,82,75,62,63,40,75,14,40,1,0,0,3
0,75,28,92,64,100,93,91,93,62,100,35,78,13,46,0,3
19,81,55,100,78,80,42,61,88,43,100,13,53,0,0,6,3
23,71,41,100,88,93,64,60,99,43,100,9,50,0,0,12,3
13,88,60,100,100,86,64,59,72,42,98,17,50,3,0,0,3
53,80,72,100,100,79,76,52,67,28,89,8,45,0,0,2,3
3,86,34,100,85,89,51,64,100,45,96,13,42,0,0,11,3
13,90,54,100,92,87,70,63,96,42,100,17,56,3,0,0,3
36,80,71,100,97,79,70,49,100,37,88,5,41,0,0,15,3
36,87,73,100,100,85,76,63,87,33,86,3,43,0,0,4,3
16,87,66,100,86,81,48,57,77,46,100,21,60,0,0,2,3
26,84,72,100,92,78,51,53,70,49,100,23,58,0,0,7,3
52,94,100,100,98,77,72,55,99,36,92,13,44,0,0,10,3
42,94,89,100,71,76,68,56,100,34,84,8,37,0,0,15,3
4,89,43,100,63,79,28,55,63,41,100,25,53,9,0,0,3
61,88,100,100,96,81,75,60,80,36,81,13,44,0,0,1,3
50,96,89,100,92,71,66,48,100,29,80,4,36,0,0,10,3
22,89,69,100,82,76,61,49,100,36,93,10,42,0,0,8,3
48,63,42,100,94,99,94,62,90,54,100,19,51,0,0,11,3
31,84,60,100,83,85,66,64,100,45,82,17,42,0,0,0,3
0,98,34,100,53,78,47,47,72,26,100,8,68,0,36,8,3
38,84,70,100,96,81,76,54,100,27,75,1,29,0,0,24,3
5,82,3,100,86,90,85,64,28,42,100,24,84,2,0,0,3
26,84,63,100,73,80,71,60,100,37,84,9,41,0,0,10,3
26,84,66,100,100,83,79,55,85,35,90,9,44,0,0,10,3
46,90,77,100,100,76,70,50,92,36,93,8,47,0,0,6,3
0,83,37,100,84,98,76,76,80,44,100,13,62,0,15,4,3
37,81,43,100,96,87,61,61,86,47,100,16,48,0,0,14,3
27,85,68,100,100,86,54,69,84,49,98,23,54,5,0,0,3
39,79,73,100,99,79,73,50,100,32,87,5,42,0,0,12,3
21,77,58,100,95,81,67,52,96,48,100,17,52,0,0,11,3
45,75,22,99,70,100,100,80,62,50,88,23,48,0,0,8,3
26,82,68,100,100,82,72,52,70,46,90,20,48,0,0,9,3
47,91,80,100,66,70,81,65,100,37,76,6,36,0,0,18,3
51,77,68,100,100,86,75,60,82,37,84,8,42,0,0,8,3
24,88,71,100,85,77,53,53,83,37,100,14,52,0,0,5,3
36,78,66,100,83,82,81,59,100,30,82,3,38,0,0,16,3
70,87,96,100,100,77,78,57,76,33,72,9,37,0,0,5,3
27,100,75,100,76,75,52,52,92,34,100,9,51,0,0,4,3
67,93,100,100,88,77,59,56,87,34,92,9,46,0,0,4,3
40,84,79,100,100,78,65,58,87,44,87,25,42,14,0,0,3
0,84,47,100,100,98,75,76,50,55,92,35,77,9,25,0,3
43,78,68,100,100,85,82,58,76,37,78,14,36,0,0,10,3
25,79,57,100,85,78,56,45,84,42,100,11,52,0,0,2,3
2,82,42,100,100,97,76,73,42,53,85,33,56,8,0,0,3
44,86,71,100,100,88,73,69,61,51,68,26,36,10,0,0,3
0,90,61,100,85,83,44,64,51,48,100,32,63,13,5,0,3
56,87,91,100,81,72,61,58,100,41,87,12,38,0,0,12,3
0,79,28,100,48,75,38,54,92,54,100,28,61,8,9,0,3
26,93,61,100,69,74,79,55,100,32,81,8,41,0,0,4,3
0,79,35,100,71,83,45,55,84,47,100,20,57,0,3,0,3
34,99,14,98,68,100,84,68,70,43,100,11,53,0,0,8,3
17,78,46,100,75,84,44,57,94,42,100,12,51,0,0,13,3
7,89,52,100,81,82,46,59,55,37,100,18,56,3,0,0,3
33,89,74,100,93,81,54,60,74,38,100,16,56,0,0,0,3
38,82,80,100,88,72,39,50,84,47,100,14,47,0,0,13,3
0,84,34,100,89,94,93,69,54,49,100,35,92,11,39,0,3
0,86,35,100,89,89,68,63,58,46,100,25,71,2,8,0,3
44,75,50,100,100,94,82,64,92,36,89,5,38,0,0,21,3
5,73,25,99,75,100,63,70,80,40,100,9,51,0,0,4,3
0,92,49,100,100,95,93,70,93,44,99,18,51,7,0,0,3
41,79,56,100,89,82,65,55,84,38,100,9,51,0,0,5,3
70,94,98,100,100,79,70,61,75,35,62,12,26,0,0,0,3
44,82,79,100,100,81,73,56,82,45,80,17,42,0,0,13,3
6,85,55,100,70,81,32,55,68,43,100,20,56,0,0,1,3
47,80,57,100,100,90,70,63,93,34,74,5,28,0,0,25,3
39,82,69,100,96,80,60,61,100,44,88,14,43,0,0,10,3
35,84,60,100,100,87,72,60,97,31,80,3,32,0,0,23,3
53,92,99,100,100,74,61,53,83,39,95,13,48,0,0,6,3
55,80,68,100,85,77,68,49,100,28,80,2,34,0,0,21,3
44,72,69,100,100,86,67,61,76,49,77,13,37,0,0,19,3
33,77,64,100,100,89,68,62,78,43,86,12,44,0,0,2,3
2,79,48,100,77,83,60,53,100,28,83,0,23,1,0,30,3
9,96,72,100,96,77,41,59,57,46,100,23,68,0,0,5,3
43,83,54,100,73,79,51,60,100,49,88,19,42,0,0,10,3
52,76,72,100,100,81,71,52,94,35,97,6,48,0,0,5,3
0,90,36,100,53,76,15,51,67,46,100,20,61,0,10,7,3
36,70,53,99,100,100,88,68,85,43,91,13,47,0,0,12,3
51,80,71,100,100,86,79,64,53,44,62,19,41,0,0,1,3
57,82,81,100,84,78,57,57,100,51,86,20,47,2,0,0,3
49,100,79,95,61,63,67,47,100,27,73,4,31,0,0,13,3
11,82,45,100,93,91,77,64,82,40,100,14,53,3,0,0,3
45,92,69,100,69,70,60,44,100,28,78,4,33,0,0,15,3
38,84,23,100,68,93,41,64,78,52,100,24,60,0,0,1,3
0,100,38,97,44,76,47,54,73,37,100,21,74,6,35,0,3
46,96,60,100,100,90,70,63,64,42,86,16,46,0,0,2,3
44,84,80,100,84,73,50,60,100,49,86,16,33,0,0,23,3
61,100,100,84,84,62,37,53,71,39,87,15,47,0,0,4,3
29,87,66,100,100,97,74,76,69,52,72,29,38,12,0,0,3
31,87,59,100,59,69,74,64,100,42,84,11,44,0,0,0,3
69,80,93,100,93,77,63,55,100,42,79,20,41,7,0,0,3
50,89,66,100,82,73,50,54,100,48,93,17,47,0,0,3,3
0,80,34,100,86,100,83,73,51,50,100,37,85,12,36,0,3
77,83,74,100,97,81,70,56,100,35,86,10,43,0,0,7,3
46,76,66,100,100,84,74,58,88,44,95,18,52,0,0,5,3
15,77,42,100,76,87,41,62,93,56,100,29,58,7,0,0,3
0,87,44,100,90,89,73,64,83,37,100,9,56,0,6,1,3
0,72,18,100,68,98,63,73,89,41,100,5,53,0,6,12,3
0,92,38,100,87,93,70,71,72,47,100,22,64,3,15,0,3
29,88,67,100,81,73,40,51,98,47,100,14,46,0,0,11,3
14,86,52,100,60,76,41,55,100,52,98,27,60,8,0,0,3
0,89,34,100,61,85,52,60,66,37,100,21,86,4,44,0,3
29,83,45,100,88,78,41,53,86,44,100,12,36,0,0,24,3
0,82,38,100,79,84,46,56,60,38,100,18,56,0,12,6,3
0,78,28,100,79,82,63,48,59,48,100,22,55,0,9,8,3
47,73,61,100,100,83,79,52,96,38,90,6,43,0,0,17,3
0,82,39,96,88,100,100,82,73,61,67,36,48,14,7,0,3
30,79,72,100,95,71,59,40,100,31,84,0,27,4,0,27,3
34,87,51,100,99,84,51,54,100,54,100,18,35,0,0,16,3
61,85,74,100,92,77,65,54,91,38,100,14,54,0,0,4,3
49,86,84,100,100,76,74,52,99,30,81,6,38,0,0,11,3
0,82,38,100,71,79,40,51,59,41,100,20,64,0,9,5,3
0,89,46,100,100,98,84,78,51,58,71,35,50,14,5,0,3
11,82,59,100,83,74,41,50,67,45,100,20,60,0,0,11,3
58,86,82,100,100,80,73,60,84,36,75,16,37,9,0,0,3
7,85,49,97,97,100,100,77,86,48,88,20,46,7,0,0,3
22,86,62,100,83,81,61,61,100,43,88,14,45,2,0,0,3
15,83,50,100,100,94,79,71,76,48,91,20,50,2,0,0,3
48,75,77,100,100,72,49,52,83,40,93,8,39,0,0,25,3
20,88,58,100,89,79,43,57,67,49,100,25,59,2,0,0,3
18,64,42,100,96,86,59,56,78,48,100,14,41,0,0,20,3
45,85,80,100,76,72,58,58,100,44,87,13,39,0,0,16,3
16,87,53,100,82,82,40,56,75,50,100,20,56,0,0,4,3
29,76,52,100,100,96,86,70,58,46,55,29,51,5,0,0,3
60,89,69,100,100,88,69,68,48,47,76,29,40,13,0,0,3
12,73,22,100,72,80,26,54,56,47,100,20,50,0,0,18,3
15,87,60,100,95,84,50,66,96,49,100,18,56,0,0,1,3
23,87,57,100,66,72,56,60,98,40,100,8,46,0,0,15,3
0,84,43,100,55,78,26,51,70,45,100,20,66,0,14,1,3
0,85,38,100,88,94,86,67,64,41,100,21,82,0,30,1,3
0,86,40,100,85,89,53,63,53,41,100,26,74,4,22,0,3
62,100,88,96,60,74,82,56,100,31,84,5,41,0,0,11,3
0,91,38,100,81,91,67,62,100,40,98,16,51,5,0,0,3
35,77,44,100,100,99,71,69,80,39,90,7,33,0,0,24,3
16,83,60,100,100,80,71,53,72,45,96,22,49,0,0,3,3
51,79,78,100,100,79,67,53,96,42,96,13,49,0,0,11,3
14,76,49,100,90,84,73,52,68,39,100,17,54,0,0,8,3
4,87,53,100,76,78,47,51,97,38,100,11,46,0,0,7,3
0,90,38,100,77,95,68,69,87,50,100,19,70,0,32,6,3
14,84,24,100,81,89,42,65,27,47,100,37,71,12,0,0,3
21,87,49,100,96,87,53,63,65,48,100,21,55,0,0,5,3
16,95,39,100,67,82,48,57,87,36,100,12,49,0,0,3,3
13,72,27,98,93,100,100,75,58,54,85,37,56,14,0,0,3
0,86,34,100,60,86,42,60,70,43,100,26,70,8,29,0,3
32,88,65,100,83,76,50,55,94,38,100,12,52,0,0,1,3
37,85,73,100,100,77,72,50,99,39,84,9,40,0,0,14,3
26,77,49,100,100,94,76,67,73,43,94,16,51,0,0,13,3
20,79,30,100,100,99,66,71,45,59,97,40,70,11,0,0,3
13,81,24,100,89,97,100,75,63,52,97,22,55,0,0,12,3
2,75,35,100,96,95,88,67,77,39,100,9,41,0,0,20,3
15,73,41,100,87,93,60,64,99,43,100,8,50,0,0,11,3
0,94,30,100,66,78,33,52,88,46,100,17,52,0,8,11,3
39,83,58,100,100,90,80,63,94,37,80,9,35,0,0,17,3
54,86,84,100,100,79,71,59,56,34,62,9,22,0,0,15,3
34,87,70,100,100,92,83,67,73,40,77,14,41,1,0,0,3
0,87,46,100,100,98,76,77,45,58,67,37,55,15,12,0,3
0,88,50,100,83,85,52,61,62,38,100,18,57,1,3,0,3
0,83,41,100,72,81,32,55,74,48,100,19,54,0,0,15,3
2,83,32,100,69,84,41,59,76,40,100,15,54,0,0,10,3
42,90,91,100,100,76,56,57,86,49,89,17,46,0,0,12,3
31,90,67,100,87,84,58,61,79,35,100,10,52,0,0,4,3
33,92,72,100,100,88,80,69,61,49,67,27,35,12,0,0,3
0,94,45,100,70,76,32,58,86,52,100,22,56,0,2,1,3
0,91,40,100,94,94,60,75,84,52,100,27,53,12,1,0,3
28,81,60,100,100,85,81,57,95,39,91,12,44,0,0,11,3
41,98,82,100,65,71,57,61,100,48,87,17,45,0,0,7,3
0,71,40,91,85,100,92,75,68,48,100,22,70,3,22,0,3
12,91,55,98,100,100,100,83,67,64,54,39,37,14,0,0,3
45,80,69,100,85,75,57,53,100,45,81,14,33,0,0,14,3
53,73,69,100,100,84,78,53,73,44,90,16,46,0,0,12,3
0,85,38,100,60,85,34,59,76,50,100,26,68,5,24,0,3
15,79,50,100,74,78,39,52,82,42,100,14,54,0,0,4,3
52,98,100,100,100,80,63,61,93,40,96,16,51,3,0,0,3
31,98,50,100,100,82,61,59,29,43,95,32,65,12,0,0,3
5,70,34,100,85,83,56,52,75,43,100,12,41,0,0,20,3
2,86,46,100,62,74,26,48,60,44,100,23,61,0,0,8,3
24,77,54,100,81,83,59,52,100,36,95,10,48,0,0,5,3
38,91,78,100,100,74,68,55,82,46,88,13,45,0,0,5,3
32,94,70,100,76,77,68,54,100,35,78,9,37,0,0,9,3
0,78,37,100,62,89,51,60,98,45,100,13,53,0,10,14,3
0,78,36,100,81,87,62,57,84,51,100,18,57,0,12,13,3
28,75,42,100,87,95,68,61,87,42,100,10,51,0,0,12,3
52,80,82,100,89,72,52,47,98,33,100,9,50,1,0,0,3
38,90,77,100,80,76,67,55,100,35,82,8,39,0,0,14,3
35,80,50,100,63,72,59,54,100,41,89,13,46,0,0,0,3
30,83,64,100,100,85,64,63,98,41,98,14,48,0,0,10,3
20,91,59,100,100,91,84,71,52,53,64,32,39,12,0,0,3
35,80,73,100,95,84,55,62,100,44,97,14,49,0,0,9,3
46,89,79,100,85,73,67,61,100,40,76,12,27,0,0,22,3
31,81,51,100,83,85,50,62,88,41,100,14,53,0,0,5,3
17,77,50,100,100,99,60,75,83,52,97,16,51,0,0,0,3
40,87,87,100,100,75,59,53,88,50,91,19,48,0,0,11,3
2,87,35,100,49,76,39,53,93,44,100,19,57,1,0,0,3
47,85,41,100,77,82,61,53,100,36,93,10,43,0,0,10,3
0,69,5,92,62,100,100,82,80,53,97,26,97,2,38,0,3
5,87,50,100,100,98,73,75,36,56,65,36,44,15,0,0,3
17,85,54,100,90,84,89,57,100,36,97,11,49,0,0,1,3
15,91,68,100,81,82,44,56,59,39,100,20,54,1,0,0,3
40,80,61,100,77,76,65,54,100,40,86,13,46,0,0,1,3
14,96,67,100,76,76,53,59,100,40,88,11,36,0,0,5,3
51,86,77,100,64,70,89,58,100,27,75,0,35,0,0,18,3
18,73,29,100,92,98,61,71,55,49,100,24,65,0,0,2,3
7,87,54,100,100,88,69,66,87,37,99,6,51,0,0,8,3
45,81,54,100,100,90,85,59,87,31,83,2,35,0,0,19,3
0,89,10,100,46,82,11,58,32,50,94,43,100,18,52,0,3
35,78,50,100,100,91,78,61,88,47,95,16,47,0,0,7,3
14,82,45,100,57,74,43,53,100,51,100,25,58,5,0,0,3
38,99,77,100,100,78,66,59,98,35,80,9,37,0,0,9,3
37,75,68,100,100,83,72,54,68,45,86,18,45,0,0,9,3
5,76,38,100,100,98,88,69,48,44,95,26,61,2,0,0,3
34,82,69,100,94,77,65,50,100,42,88,12,44,0,0,9,3
0,94,46,100,68,80,59,60,93,41,100,15,62,0,14,2,3
34,89,68,100,78,80,61,67,100,48,95,19,51,0,0,0,3
36,77,65,100,100,83,74,52,80,41,88,14,44,0,0,10,3
19,71,30,100,78,89,50,65,81,46,100,17,56,0,0,3,3
41,78,68,100,78,83,70,57,100,34,82,5,41,0,0,9,3
43,93,86,100,100,74,61,52,55,36,98,19,56,0,0,0,3
0,77,18,100,62,100,71,72,72,41,100,17,75,0,32,4,3
0,83,43,100,77,78,45,49,61,44,100,21,58,0,4,6,3
8,81,48,100,98,90,77,63,100,28,86,0,35,9,0,35,3
46,92,73,100,100,83,66,66,73,44,75,20,37,8,0,0,3
9,80,24,98,88,100,78,72,65,52,100,30,64,5,0,0,3
0,85,39,100,84,94,62,65,77,47,100,22,63,0,25,8,3
20,89,59,100,88,75,55,50,64,31,100,8,53,0,0,2,3
37,96,80,100,100,79,58,64,100,45,99,17,55,0,0,1,3
0,75,24,100,64,95,57,66,96,50,100,19,64,0,22,3,3
0,83,26,100,71,93,77,67,77,40,100,16,67,0,18,0,3
0,76,23,100,62,85,41,52,59,47,100,24,71,0,28,16,3
12,80,48,100,83,73,22,55,71,45,100,15,40,0,0,17,3
9,82,52,100,66,81,38,55,89,45,100,17,55,0,0,7,3
2,73,26,98,100,100,98,76,43,55,64,39,64,15,0,0,3
55,88,83,100,71,70,89,68,100,31,74,1,33,0,0,24,3
0,88,48,100,78,77,43,51,55,41,100,22,67,0,16,7,3
16,87,45,100,93,94,64,71,85,49,100,25,53,10,0,0,3
9,88,49,100,64,76,21,56,72,46,100,21,59,2,0,0,3
17,91,50,100,76,77,63,59,100,38,84,10,35,0,0,12,3
11,80,37,100,83,89,50,65,100,54,97,24,54,4,0,0,3
0,85,36,100,45,74,24,51,80,56,100,31,61,10,6,0,3
0,82,41,100,95,92,83,62,73,50,100,21,59,0,5,9,3
18,78,53,100,85,85,48,61,71,46,100,20,56,0,0,5,3
39,96,79,100,93,79,67,57,100,38,88,13,46,0,0,2,3
0,82,32,100,69,84,47,58,82,46,100,21,66,0,13,1,3
0,82,36,100,83,88,64,62,83,48,100,16,57,0,14,13,3
50,77,57,100,100,91,77,62,95,36,90,6,42,0,0,18,3
59,88,89,100,100,70,60,53,83,44,84,14,42,0,0,7,3
17,81,43,100,100,91,75,63,49,37,98,16,62,0,0,1,3
0,89,32,100,70,97,73,70,67,43,100,27,90,5,52,0,3
19,86,63,100,89,80,51,57,72,37,100,14,49,0,0,2,3
6,97,63,100,95,79,48,60,67,52,100,28,56,8,0,0,3
0,82,44,100,69,81,38,54,68,46,100,20,61,0,6,6,3
52,81,86,100,89,72,63,53,100,42,85,11,43,0,0,11,3
0,80,38,100,95,95,57,71,51,51,100,31,95,2,36,0,3
26,80,53,100,100,98,93,76,55,59,71,37,37,17,0,0,3
43,99,84,100,80,77,70,59,100,37,80,11,39,0,0,3,3
0,65,2,94,58,100,98,88,72,59,100,28,69,5,24,0,3
0,78,34,96,87,100,100,82,59,63,67,39,55,15,11,0,3
45,84,73,100,100,98,82,72,69,43,61,14,31,0,0,2,3
24,78,59,100,100,91,71,59,61,47,88,19,48,0,0,13,3
35,90,75,100,88,74,58,54,100,41,88,14,44,4,0,0,3
27,86,50,100,100,95,64,72,50,47,80,21,53,0,0,3,3
8,81,53,100,100,94,64,66,77,54,99,30,54,8,0,0,3
16,100,59,99,69,80,76,64,100,42,85,16,45,2,0,0,3
35,86,67,100,100,84,57,66,95,44,96,12,48,0,0,11,3
58,91,93,100,77,73,97,49,100,20,70,0,26,7,0,28,3
34,74,62,100,100,86,69,60,75,48,90,19,50,1,0,0,3
1,80,33,100,84,93,54,64,84,44,100,15,52,0,0,1,3
32,82,73,100,100,92,66,66,76,44,92,18,48,3,0,0,3
2,94,51,100,100,95,69,71,100,46,97,17,51,5,0,0,3
8,81,42,98,92,100,100,79,63,60,65,36,44,14,0,0,3
23,73,30,100,80,93,60,61,90,44,100,10,50,0,0,15,3
11,91,41,100,64,79,53,50,84,29,100,8,51,0,0,2,3
13,87,61,100,100,86,69,59,73,51,87,21,46,0,0,5,3
12,97,56,100,97,87,100,63,95,39,82,10,41,0,0,12,3
40,96,83,100,81,72,73,61,100,35,79,6,35,0,0,19,3
16,78,44,100,95,95,75,66,51,43,100,31,59,9,0,0,3
59,86,87,100,100,75,68,52,76,36,97,13,51,0,0,5,3
0,86,45,100,95,93,75,69,95,39,100,7,50,0,1,12,3
41,91,75,100,72,71,69,56,100,41,74,15,28,0,0,12,3
65,100,93,92,71,68,80,47,100,24,70,6,34,0,0,7,3
11,93,65,100,98,81,58,56,62,40,100,16,53,0,0,10,3
24,92,68,100,100,83,57,68,80,41,89,14,41,9,0,0,3
17,88,56,100,100,99,92,75,61,55,70,29,42,9,0,0,3
0,85,33,100,82,80,51,56,67,45,100,17,53,0,11,20,3
10,85,53,100,87,78,41,55,64,47,100,21,56,0,0,9,3
0,83,28,100,78,92,85,64,91,46,100,17,57,0,5,3,3
69,76,77,100,100,83,74,58,93,35,86,7,43,0,0,6,3
30,82,64,100,100,84,68,62,62,47,85,23,50,3,0,0,3
54,100,96,93,81,72,77,54,100,30,83,7,41,0,0,8,3
6,87,50,100,62,81,22,57,70,46,100,20,59,0,0,4,3
14,81,23,100,81,97,61,66,60,50,100,33,60,7,0,0,3
38,88,80,100,100,82,75,58,99,35,76,10,33,0,0,19,3
0,77,29,100,78,87,55,59,67,50,100,23,66,0,12,7,3
27,84,56,100,100,90,80,65,86,36,90,5,46,0,0,4,3
42,81,69,100,93,85,66,60,73,41,100,20,58,0,0,4,3
36,90,77,100,100,88,66,68,47,49,73,27,42,6,0,0,3
58,88,96,100,100,82,81,57,88,30,85,7,42,0,0,5,3
28,83,66,100,100,86,81,60,94,43,96,18,54,0,0,2,3
0,92,46,100,90,89,52,67,89,44,100,16,53,4,3,0,3
23,89,68,100,100,88,68,67,63,45,90,25,50,8,0,0,3
60,82,71,100,100,87,73,60,100,36,79,8,37,0,0,17,3
26,88,54,100,100,89,94,59,95,35,77,6,30,0,0,12,3
42,81,52,100,96,76,72,47,77,37,100,7,39,0,0,22,3
32,82,63,100,100,89,65,63,91,54,94,24,51,5,0,0,3
30,83,61,100,93,81,53,59,89,48,100,19,56,0,0,0,3
0,84,35,100,69,81,65,55,100,37,91,9,48,0,15,12,3
28,82,74,100,87,77,46,51,88,48,100,18,52,0,0,0,3
51,77,74,100,100,78,72,49,94,33,80,4,33,0,0,24,3
0,78,35,100,74,86,42,55,57,31,100,8,58,0,8,8,3
30,78,41,100,100,83,59,62,40,56,85,30,62,0,0,9,3
0,95,43,100,89,91,59,68,82,45,100,22,55,7,1,0,3
41,80,73,100,92,76,57,50,100,40,86,9,37,0,0,23,3
0,75,25,100,90,83,45,56,59,47,100,18,43,0,6,19,3
28,88,58,100,61,74,46,54,95,45,100,20,54,5,0,0,3
21,81,52,100,100,100,85,76,64,53,83,29,44,13,0,0,3
19,91,58,100,100,88,69,60,51,37,93,17,53,0,0,1,3
32,86,65,100,99,85,78,59,94,40,100,14,52,0,0,0,3
16,78,41,100,89,84,38,61,29,41,100,25,84,2,0,0,3
40,81,69,100,97,80,66,55,100,41,100,15,53,0,0,0,3
29,76,45,100,100,90,75,63,43,40,98,24,63,4,0,0,3
2,73,10,98,73,100,60,73,70,44,100,15,47,2,0,0,3
31,82,72,100,100,87,65,64,69,40,91,14,47,0,0,5,3
64,77,86,100,100,79,83,54,79,28,90,5,36,0,0,1,3
0,86,30,100,65,89,50,60,74,37,100,14,55,0,9,0,3
11,82,51,100,93,89,65,66,73,51,100,32,53,14,0,0,3
42,84,70,100,100,87,69,65,55,43,86,23,51,5,0,0,3
37,81,61,100,91,84,63,63,100,46,85,14,37,0,0,16,3
32,82,69,100,74,70,57,49,100,33,94,5,47,0,0,7,3
33,74,4,93,73,100,55,72,38,50,100,35,73,8,0,0,3
30,85,68,100,54,78,60,65,100,46,85,15,38,0,0,16,3
67,76,87,100,96,74,70,50,100,26,76,1,34,0,0,20,3
45,87,84,100,66,67,79,64,100,33,80,0,36,0,0,25,3
41,80,60,100,100,97,98,73,94,48,75,26,42,9,0,0,3
27,97,71,100,77,79,67,60,100,40,87,12,45,1,0,0,3
33,100,84,95,81,73,58,56,100,38,99,13,51,0,0,2,3
28,90,58,100,97,80,69,52,86,36,100,9,51,0,0,5,3
38,85,69,100,76,75,55,50,100,34,77,11,28,0,0,8,3
0,87,38,100,88,88,68,58,47,39,100,28,96,0,41,1,3
0,95,48,100,92,85,55,61,78,34,100,5,48,0,3,15,3
24,99,77,100,95,70,44,51,73,47,100,18,55,0,0,8,3
36,79,61,100,72,75,55,51,100,38,96,10,48,0,0,2,3
31,81,58,100,100,100,81,76,65,50,78,22,41,7,0,0,3
35,90,88,100,81,79,44,62,94,44,100,18,54,0,0,8,3
29,83,61,100,100,97,79,75,58,49,61,19,38,0,0,5,3
28,74,68,100,97,87,61,57,100,38,96,8,44,0,0,13,3
55,76,77,100,100,79,67,52,95,42,99,12,49,0,0,14,3
58,84,91,100,100,84,77,60,87,35,80,10,41,1,0,0,3
30,80,66,100,88,77,48,51,71,44,100,18,52,0,0,5,3
0,82,44,98,100,100,93,75,53,55,78,35,58,13,7,0,3
12,90,67,100,71,70,26,44,71,47,100,19,50,0,0,14,3
44,86,77,100,100,85,78,63,63,40,70,14,39,0,0,2,3
51,85,83,100,100,90,81,66,73,40,73,16,39,2,0,0,3
39,84,64,100,83,77,71,53,100,31,80,6,31,0,0,18,3
0,79,40,100,87,89,66,60,82,46,100,19,56,0,4,3,3
40,80,60,100,100,89,59,64,60,48,100,27,60,2,0,0,3
32,82,67,100,100,85,69,58,70,36,88,10,44,0,0,7,3
28,74,57,100,81,74,38,47,78,49,100,18,49,0,0,12,3
4,77,42,100,97,95,77,62,90,49,100,15,49,0,0,12,3
46,89,63,100,96,78,59,53,100,47,100,18,50,0,0,9,3
13,87,11,100,59,95,32,65,81,56,100,29,56,8,0,0,3
4,81,35,100,45,75,25,56,82,53,100,25,57,6,0,0,3
41,86,80,100,93,78,50,58,94,44,100,14,53,0,0,4,3
15,87,55,100,100,99,84,77,52,57,63,33,41,10,0,0,3
20,77,54,100,100,94,81,64,79,44,94,15,48,0,0,14,3
34,85,64,100,90,82,60,56,100,38,92,11,44,0,0,13,3
1,85,48,100,100,100,70,76,91,51,100,18,52,3,0,0,3
31,70,47,100,91,75,51,50,71,48,100,18,51,0,0,17,3
57,76,47,100,89,95,62,64,71,49,100,23,57,1,0,0,3
55,89,85,100,100,81,78,60,69,35,64,9,33,0,0,3,3
30,74,55,100,89,87,66,56,100,38,92,8,41,0,0,20,3
41,84,73,100,100,82,62,60,97,38,91,8,42,0,0,19,3
59,89,42,23,29,42,25,100,100,82,75,46,98,0,0,3,3
0,76,29,95,92,100,81,77,75,56,100,35,85,13,31,0,3
38,65,36,98,100,100,99,69,62,55,96,26,55,0,0,15,3
0,82,34,100,78,90,49,62,80,49,100,18,62,0,18,13,3
12,91,48,100,66,77,77,63,100,42,75,15,34,0,0,15,3
17,81,59,100,76,75,53,48,100,44,89,13,40,0,0,20,3
0,89,61,100,100,85,47,65,44,47,98,29,71,4,6,0,3
32,75,59,100,88,84,72,54,100,38,89,10,39,0,0,19,3
21,85,57,100,63,71,30,55,85,47,100,15,48,0,0,11,3
54,87,85,100,76,71,65,47,100,21,77,0,33,5,0,22,3
52,87,79,100,79,75,72,49,100,29,76,8,36,0,0,7,3
0,94,33,100,52,83,64,65,77,47,100,30,89,13,52,0,3
0,87,27,100,55,87,68,68,82,50,100,32,100,13,73,0,3
37,80,53,100,88,83,59,60,100,44,92,15,49,0,0,8,3
51,100,85,98,100,80,67,67,59,43,67,17,37,1,0,0,3
0,92,44,100,71,83,56,59,100,47,89,19,50,0,3,1,3
0,87,42,100,100,94,87,73,67,53,64,32,69,11,22,0,3
17,82,50,100,86,86,56,57,97,46,100,17,51,0,0,6,3
0,89,29,100,66,87,70,66,84,46,100,26,75,8,25,0,3
26,83,72,100,84,69,56,45,100,47,87,15,36,0,0,24,3
24,78,56,100,96,83,77,53,100,39,97,10,46,0,0,18,3
36,84,81,100,97,70,52,46,96,33,100,5,45,0,0,18,3
21,90,68,100,69,67,56,47,100,37,80,3,31,0,0,28,3
17,86,68,100,71,70,57,60,100,41,91,7,35,0,0,19,3
6,75,36,97,92,100,69,75,66,51,100,30,54,12,0,0,3
14,85,54,100,100,96,72,72,87,41,92,10,47,0,0,3,3
14,90,65,100,100,84,57,65,71,53,91,26,56,3,0,0,3
57,100,84,99,79,71,68,47,100,30,77,9,38,0,0,3,3
0,44,11,72,48,93,98,100,100,74,70,50,64,27,82,0,3
38,86,66,100,100,94,70,74,71,39,70,7,35,0,0,3,3
9,84,44,100,67,78,27,55,83,44,100,14,48,0,0,3,3
27,76,41,100,100,94,79,66,86,45,94,16,39,0,0,10,3
37,55,41,86,100,100,97,71,83,53,96,23,49,0,0,9,3
43,84,74,100,100,87,70,64,94,38,78,11,39,0,0,1,3
0,94,59,100,90,99,100,76,31,51,85,46,73,23,3,0,3
0,98,70,100,97,84,87,65,83,46,100,27,97,9,30,0,3
44,86,76,100,74,73,55,45,100,32,100,9,49,0,0,4,3
48,86,92,100,100,79,58,62,80,48,75,17,33,0,0,15,3
64,88,84,100,100,78,76,54,85,33,86,10,42,0,0,4,3
0,93,64,100,100,79,54,55,23,43,86,34,74,5,10,0,3
0,78,38,98,86,100,76,66,79,52,100,28,65,0,24,9,3
20,88,67,100,100,92,69,72,62,49,80,26,51,7,0,0,3
0,97,51,100,82,86,84,65,90,45,100,25,82,8,35,0,3
25,96,76,100,84,73,43,51,80,39,100,13,52,1,0,0,3
54,89,75,100,90,75,69,48,100,30,83,8,40,0,0,8,3
22,86,74,100,96,72,67,42,100,42,98,12,30,0,0,19,3
34,95,78,100,100,83,65,63,91,37,91,11,46,0,0,5,3
6,91,55,100,58,90,49,64,88,42,100,12,51,0,0,4,3
33,84,84,100,94,76,50,54,93,47,100,19,52,0,0,6,3
25,81,61,100,85,77,57,53,100,42,93,7,36,0,0,22,3
4,73,31,98,76,100,69,68,100,42,87,11,43,0,0,12,3
48,92,89,100,100,83,81,63,81,42,77,21,42,6,0,0,3
0,87,44,100,84,87,53,59,53,41,100,26,69,5,18,0,3
16,81,54,100,100,89,60,61,58,48,97,28,57,0,0,5,3
50,70,60,100,100,97,91,61,88,47,83,15,43,0,0,7,3
27,77,60,100,100,92,70,62,97,51,92,18,49,0,0,9,3
21,86,72,100,85,72,70,43,79,41,100,15,47,0,0,18,3
47,85,67,100,82,78,61,51,100,38,90,12,45,0,0,7,3
32,78,57,100,86,87,70,60,100,42,93,16,50,0,0,7,3
27,89,67,100,77,76,78,59,100,35,71,8,28,0,0,21,3
25,77,43,100,82,84,65,58,97,41,100,16,53,5,0,0,3
13,80,43,100,74,88,64,56,100,36,78,8,36,0,0,19,3
24,83,62,100,86,81,59,55,89,39,100,16,52,0,0,9,3
13,85,52,100,63,74,57,55,100,49,81,18,40,0,0,7,3
39,80,72,100,100,85,71,60,89,36,84,7,40,0,0,16,3
54,88,85,100,100,82,70,60,91,37,86,11,43,0,0,14,3
40,92,77,100,90,85,75,56,100,29,79,6,40,1,0,0,3
0,86,47,100,83,86,48,64,62,49,100,31,71,7,16,0,3
41,77,70,100,100,78,67,50,76,38,93,11,44,0,0,5,3
34,84,72,100,95,78,65,52,100,39,95,11,49,0,0,2,3
34,78,66,100,100,87,67,59,85,49,89,19,47,0,0,5,3
71,92,70,100,93,86,70,60,100,38,87,12,41,0,0,5,3
0,85,41,100,70,82,54,53,100,49,90,21,51,2,5,0,3
35,78,62,100,92,78,69,49,77,49,100,20,56,0,0,14,3
36,83,66,100,94,81,60,54,100,44,92,12,44,0,0,17,3
13,90,64,100,90,74,39,58,97,53,100,20,51,0,0,12,3
22,77,62,100,90,74,55,43,93,49,100,18,42,0,0,22,3
26,94,67,100,100,89,66,68,92,39,84,14,41,7,0,0,3
27,91,37,99,100,100,78,77,63,53,75,29,57,5,0,0,3
31,87,77,100,81,69,53,45,100,39,92,9,33,0,0,25,3
0,77,40,96,90,100,82,73,68,50,100,24,60,0,20,15,3
0,92,54,100,65,83,63,63,85,44,100,24,63,8,7,0,3
44,81,80,100,97,76,48,55,100,40,99,10,42,0,0,9,3
39,82,68,100,100,86,72,61,91,44,83,15,41,0,0,14,3
14,90,51,100,68,78,71,53,100,34,79,11,41,1,0,0,3
32,86,49,100,100,96,73,72,67,48,89,22,52,2,0,0,3
0,91,39,100,72,90,79,69,92,50,100,31,89,12,52,0,3
29,74,53,100,100,99,75,71,81,51,81,20,38,0,0,15,3
13,85,21,100,57,83,44,58,71,38,100,17,57,2,0,0,3
36,81,42,100,100,97,71,70,84,55,94,26,60,0,0,5,3
0,86,41,100,84,92,52,66,64,48,100,25,63,6,16,0,3
0,75,29,90,67,100,83,80,94,58,100,36,88,14,56,0,3
16,86,70,100,85,71,51,43,100,40,97,7,37,0,0,26,3
51,87,78,100,95,79,99,50,100,22,71,6,35,1,0,0,3
0,100,57,100,68,81,72,62,91,43,100,24,62,8,9,0,3
0,98,54,100,70,84,67,65,80,45,100,27,94,9,44,0,3
38,91,77,100,100,87,73,67,66,46,82,24,48,8,0,0,3
20,87,60,100,100,94,75,68,83,40,87,12,46,0,0,1,3
52,87,78,100,100,84,77,59,96,37,82,13,42,3,0,0,3
19,84,63,100,100,93,60,73,74,51,96,30,50,13,0,0,3
0,84,43,100,98,98,87,70,63,48,100,22,52,10,0,0,3
10,76,49,100,73,74,47,43,100,31,83,2,15,0,0,25,3
10,86,51,100,83,81,59,51,91,41,100,11,51,0,0,7,3
44,79,69,100,99,88,69,62,100,41,97,12,47,0,0,15,3
11,87,46,100,74,88,55,61,100,49,89,21,50,2,0,0,3
44,89,85,100,88,75,64,56,100,41,82,12,41,0,0,14,3
0,83,33,100,68,88,67,65,79,42,100,21,59,7,6,0,3
47,85,76,100,83,73,56,53,100,38,90,11,44,0,0,7,3
13,78,41,100,77,83,35,56,79,50,100,19,52,0,0,11,3
23,81,65,100,92,74,67,45,97,35,100,4,38,0,0,17,3
0,87,52,100,96,82,45,58,39,42,100,28,73,4,8,0,3
44,83,76,100,82,75,58,58,100,45,90,15,45,0,0,11,3
58,94,80,100,81,71,73,44,100,21,75,1,31,0,0,13,3
0,88,44,100,80,83,40,62,58,44,100,25,70,5,21,0,3
35,75,55,100,86,85,66,55,100,36,87,7,37,0,0,22,3
32,94,70,100,100,94,71,76,51,55,53,30,37,10,0,0,3
33,80,24,99,82,100,82,77,84,53,100,30,67,9,0,0,3
0,79,46,100,82,84,36,59,70,49,100,21,50,0,6,15,3
0,81,39,97,96,100,91,78,95,52,100,25,54,9,0,0,3
52,89,56,100,100,96,75,74,65,50,80,26,44,8,0,0,3
38,73,53,100,96,97,75,61,100,44,83,9,39,0,0,15,3
16,72,46,100,85,97,72,60,100,46,86,13,43,0,0,9,3
7,80,39,100,78,92,65,58,100,48,85,16,43,0,0,12,3
35,75,58,100,82,83,64,51,100,37,74,8,33,0,0,11,3
15,82,42,100,70,85,63,63,100,48,82,17,39,0,0,13,3
46,85,80,100,83,70,52,48,100,39,91,10,43,0,0,6,3
29,90,77,100,92,80,44,59,64,45,100,19,53,2,0,0,3
44,78,73,100,100,86,81,60,98,38,94,12,48,0,0,3,3
0,75,23,96,68,100,100,86,72,62,77,33,50,12,10,0,3
48,88,82,100,100,77,67,55,99,35,93,11,47,1,0,0,3
35,87,75,100,88,85,69,62,100,40,88,17,45,6,0,0,3
0,73,27,97,90,100,86,73,66,49,100,25,68,0,31,9,3
0,79,39,100,82,90,53,57,86,49,100,17,57,0,14,13,3
61,79,57,100,100,93,65,68,94,46,77,18,27,0,0,16,3
26,81,55,100,69,75,68,62,100,46,78,16,36,0,0,16,3
16,81,48,100,75,80,36,62,89,49,100,19,53,0,0,3,3
22,85,61,100,99,79,61,54,74,42,100,15,52,0,0,13,3
55,93,81,100,73,72,77,51,100,28,70,8,32,0,0,9,3
2,78,35,100,88,85,47,58,100,50,98,15,43,0,0,23,3
39,76,64,100,89,81,66,50,100,34,91,6,41,0,0,18,3
16,78,53,100,81,76,53,46,94,46,100,15,44,0,0,14,3
24,70,42,100,100,100,72,69,66,54,92,26,45,0,0,2,3
24,80,38,100,90,93,58,66,64,48,100,25,56,6,0,0,3
28,89,64,100,100,92,79,71,59,51,68,27,39,9,0,0,3
32,77,52,100,91,90,79,61,100,38,95,11,43,0,0,17,3
38,100,73,98,71,69,78,46,100,20,77,0,38,0,0,6,3
19,97,72,100,68,73,30,51,81,42,100,17,54,2,0,0,3
41,90,72,100,86,75,60,50,100,35,89,10,44,0,0,5,3
29,88,77,100,81,74,47,51,100,49,98,20,56,0,0,4,3
3,90,54,100,100,90,82,70,64,49,72,28,62,9,0,0,3
20,85,61,100,100,93,67,69,82,44,93,18,48,4,0,0,3
19,72,42,99,100,100,88,71,57,53,79,23,42,0,0,15,3
20,80,46,95,100,100,80,76,86,50,99,23,53,7,0,0,3
0,86,51,100,81,83,47,58,80,45,100,20,58,0,1,1,3
15,81,54,100,91,81,43,55,44,49,100,32,66,3,0,0,3
0,87,33,100,98,97,95,78,75,53,100,26,77,5,13,0,3
23,88,68,100,97,81,63,60,87,40,100,16,55,0,0,1,3
38,85,73,100,100,86,68,65,87,42,81,15,42,0,0,12,3
64,86,79,100,100,87,73,63,93,41,83,13,43,0,0,5,3
3,94,51,100,100,100,72,79,51,56,68,30,46,9,0,0,3
30,88,74,100,100,88,66,69,74,46,90,22,50,7,0,0,3
2,75,36,100,87,93,58,62,94,49,100,19,50,0,0,16,3
0,92,50,100,70,75,25,53,58,42,100,20,58,0,3,1,3
0,86,39,100,89,95,73,74,70,52,100,33,100,13,50,0,3
12,67,34,92,100,100,77,71,77,51,89,22,40,0,0,17,3
76,91,100,100,89,75,84,51,85,23,61,2,23,0,0,22,3
33,75,46,100,78,86,57,56,100,40,96,11,46,0,0,13,3
0,82,33,100,77,93,50,66,71,47,100,24,58,7,11,0,3
34,85,62,100,79,76,51,49,90,36,100,13,48,0,0,7,3
25,84,64,100,82,71,42,52,95,42,100,9,46,0,0,12,3
0,80,35,100,75,96,59,62,100,56,99,22,64,0,24,6,3
6,78,53,100,61,70,55,54,100,35,82,3,21,0,0,26,3
38,78,73,100,92,70,58,48,100,39,85,6,33,0,0,28,3
33,82,53,99,100,100,73,72,81,48,89,20,48,2,0,0,3
2,83,35,100,62,82,62,68,100,51,84,21,44,0,0,7,3
36,84,66,100,91,75,79,46,100,27,70,4,22,0,0,25,3
0,84,31,100,81,98,73,74,87,51,100,29,67,10,17,0,3
0,81,39,100,88,90,61,59,85,47,100,14,53,0,8,5,3
0,86,41,100,77,86,58,58,98,42,100,16,58,1,8,0,3
41,94,82,100,97,79,81,54,100,30,86,6,42,0,0,1,3
38,85,73,100,90,77,52,56,100,49,95,18,50,0,0,11,3
14,73,41,100,87,95,64,65,100,45,100,15,49,0,0,16,3
2,96,63,100,60,81,54,62,73,43,100,26,62,10,0,0,3
22,86,62,100,82,74,59,60,100,42,93,11,40,0,0,17,3
1,90,42,100,76,89,59,61,100,44,100,18,55,2,0,0,3
23,81,61,100,92,91,58,62,81,39,100,17,51,4,0,0,3
26,82,76,100,81,76,35,51,55,49,100,28,64,0,0,2,3
20,78,63,100,92,84,46,59,60,50,100,30,62,3,0,0,3
11,88,57,100,100,88,61,66,67,50,91,24,55,2,0,0,3
0,88,37,100,79,94,92,73,90,52,100,31,93,10,54,0,3
53,96,98,100,100,85,67,68,71,45,78,22,45,6,0,0,3
37,90,73,100,100,90,64,72,83,45,83,16,43,3,0,0,3
46,85,75,100,79,72,53,56,100,46,95,15,49,0,0,15,3
19,60,33,88,100,100,93,70,51,48,98,27,63,0,0,0,3
11,91,56,100,100,92,73,73,51,52,55,28,47,6,0,0,3
13,95,71,100,93,71,54,42,94,42,100,12,43,0,0,20,3
37,76,46,100,99,95,74,61,100,50,91,18,42,0,0,15,3
38,85,75,100,92,84,71,58,100,37,82,11,41,0,0,6,3
0,90,45,100,62,76,28,53,60,42,100,26,62,6,13,0,3
0,79,31,100,79,95,51,66,82,50,100,21,58,0,12,12,3
51,82,84,100,99,79,80,55,100,29,79,4,36,0,0,19,3
35,93,78,100,89,85,69,65,100,42,88,16,46,4,0,0,3
0,86,47,100,100,91,68,72,58,51,74,31,76,10,11,0,3
0,80,37,100,82,95,68,63,79,47,100,17,67,0,22,9,3
34,87,63,100,100,93,69,64,69,37,86,13,44,0,0,0,3
34,87,71,100,80,75,65,52,100,37,84,11,44,0,0,1,3
55,85,67,100,86,75,67,47,100,31,83,9,38,0,0,8,3
51,93,86,100,80,69,54,44,100,37,94,10,48,1,0,0,3
1,84,49,100,89,80,58,51,97,49,100,19,49,0,0,4,3
63,79,67,100,100,100,84,73,69,50,73,23,41,4,0,0,3
65,90,73,100,86,75,72,50,100,29,79,8,38,0,0,6,3
0,100,52,97,70,80,80,61,95,44,100,25,66,10,18,0,3
44,92,62,100,100,91,76,64,91,43,83,14,42,0,0,13,3
50,80,76,100,93,83,78,62,100,38,82,12,42,0,0,9,3
15,80,46,100,65,77,57,47,100,37,90,10,46,0,0,3,3
45,79,73,100,83,83,89,55,100,27,76,4,38,0,0,5,3
36,80,67,100,100,92,75,63,99,41,94,16,49,3,0,0,3
49,85,78,100,92,85,74,55,100,35,80,11,41,0,0,0,3
15,83,56,100,82,78,35,58,62,47,100,26,56,5,0,0,3
21,79,64,100,84,72,62,42,87,45,100,15,46,0,0,16,3
3,76,30,100,91,98,81,65,80,45,100,22,52,0,0,12,3
6,90,63,100,98,91,63,72,84,50,100,27,57,10,0,0,3
0,79,34,100,64,87,57,59,100,48,92,16,50,0,9,11,3
34,87,66,100,80,78,77,53,100,29,72,6,34,0,0,13,3
25,86,59,100,77,81,54,57,100,42,89,16,40,0,0,18,3
28,81,59,100,72,73,43,55,96,48,100,16,50,0,0,10,3
42,93,74,100,77,71,58,45,100,34,82,10,38,0,0,8,3
45,84,75,100,100,79,79,54,79,40,90,17,49,0,0,8,3
53,90,80,100,85,77,66,51,100,31,89,8,42,0,0,4,3
38,95,87,100,82,65,53,45,100,44,93,11,38,0,0,25,3
1,90,53,100,73,77,22,60,62,53,100,26,55,4,0,0,3
38,85,69,100,93,81,77,54,100,34,93,9,45,0,0,13,3
0,67,28,94,91,100,90,73,69,53,100,25,61,0,11,5,3
52,83,80,100,100,80,71,55,94,45,91,17,49,0,0,8,3
21,84,41,100,77,79,34,53,80,54,100,21,52,0,0,14,3
38,71,48,95,100,100,87,72,83,48,92,20,49,0,0,0,3
0,88,42,100,84,89,80,69,80,48,100,28,78,9,28,0,3
0,85,47,96,100,100,93,82,72,59,82,33,68,9,19,0,3
31,81,60,100,78,78,51,56,100,48,94,13,46,0,0,15,3
47,100,88,93,100,74,63,61,46,43,59,21,42,4,0,0,3
12,77,40,100,74,85,58,55,100,40,94,14,49,2,0,0,3
51,87,81,100,92,72,59,45,100,39,96,10,46,0,0,11,3
16,100,75,98,60,62,33,53,100,45,84,10,18,0,0,23,3
20,76,50,100,100,95,75,69,90,51,88,23,49,0,0,7,3
0,89,56,100,77,77,29,54,50,48,100,27,60,5,0,0,3
15,87,57,100,91,82,48,61,74,43,100,16,53,1,0,0,3
0,100,45,100,68,83,76,66,89,48,100,30,87,12,53,0,3
32,84,68,100,100,89,73,61,95,42,88,11,44,0,0,15,3
32,84,65,100,76,75,66,46,100,30,79,7,40,0,0,3,3
32,83,61,100,100,93,70,67,88,35,88,6,43,0,0,3,3
46,76,55,100,100,98,75,69,95,46,97,20,50,6,0,0,3
52,89,75,100,88,73,68,45,100,30,86,7,38,0,0,12,3
51,86,74,100,91,81,70,61,100,40,87,14,45,0,0,12,3
0,71,20,92,69,100,69,77,71,54,100,34,82,12,35,0,3
52,81,74,100,97,89,69,66,100,46,95,20,57,0,0,2,3
41,84,68,100,87,76,63,59,100,38,89,7,40,0,0,14,3
100,94,41,92,94,100,89,64,63,49,100,21,52,0,0,10,3
15,75,56,100,92,79,64,45,71,41,100,15,48,0,0,17,3
54,84,81,100,91,79,66,55,100,39,86,12,42,0,0,14,3
16,85,60,100,86,73,44,52,90,48,100,14,46,0,0,13,3
44,80,68,100,94,84,72,55,100,29,79,5,35,0,0,17,3
29,82,70,100,90,78,53,52,100,47,92,13,44,0,0,11,3
29,81,59,100,100,95,70,68,72,44,91,21,49,4,0,0,3
11,68,31,95,89,100,71,71,72,54,100,26,60,2,0,0,3
26,92,64,100,100,94,79,73,61,50,64,25,37,7,0,0,3
36,83,76,100,100,76,62,49,61,43,93,17,43,0,0,17,3
7,95,54,100,100,95,76,76,49,56,47,32,43,9,0,0,3
0,87,25,100,72,96,47,64,81,47,100,18,57,0,7,0,3
26,85,59,100,81,78,72,54,100,34,82,9,42,0,0,1,3
27,82,68,100,100,89,65,65,88,41,97,17,49,5,0,0,3
18,75,49,100,96,93,72,62,100,49,95,15,46,0,0,15,3
34,71,63,100,100,80,57,53,91,36,91,5,33,0,0,15,3
0,89,42,100,100,93,92,72,85,52,90,31,69,12,17,0,3
17,77,35,100,90,93,60,68,78,53,100,28,64,5,0,0,3
52,97,82,100,76,70,60,48,100,34,84,8,41,0,0,10,3
42,90,78,100,100,84,72,63,90,39,83,15,42,0,0,12,3
33,75,42,100,82,91,71,62,97,41,100,15,53,0,0,9,3
0,84,45,100,77,85,38,61,53,46,100,31,61,10,9,0,3
2,84,48,100,100,96,67,70,60,49,95,29,61,4,0,0,3
47,81,68,100,100,93,81,69,93,42,78,18,41,6,0,0,3
8,82,47,100,70,76,56,48,100,49,84,16,42,0,0,13,3
22,70,46,96,100,100,86,72,68,47,90,20,47,0,0,8,3
44,86,62,100,74,75,63,47,100,30,81,5,37,0,0,12,3
21,73,45,100,85,99,69,67,100,47,90,16,46,0,0,6,3
0,77,42,100,75,79,34,53,60,47,100,25,57,4,6,0,3
22,80,59,100,85,81,41,62,92,47,100,15,49,0,0,12,3
32,87,81,100,85,69,58,41,97,47,100,15,46,0,0,19,3
25,85,54,100,78,77,61,48,100,35,80,10,36,0,0,16,3
30,91,65,100,83,77,64,52,100,38,76,9,37,0,0,10,3
27,81,67,100,95,91,68,61,100,50,92,17,50,0,0,5,3
36,73,59,100,91,78,71,46,95,35,100,5,38,0,0,19,3
19,79,53,100,91,92,83,65,93,45,100,22,54,6,0,0,3
66,89,93,100,80,69,68,48,100,23,80,0,40,1,0,6,3
12,82,55,100,81,88,51,61,99,51,100,21,56,2,0,0,3
49,79,58,100,91,85,80,58,100,44,85,20,44,7,0,0,3
64,89,96,100,88,74,63,48,100,31,91,8,46,0,0,3,3
0,65,21,91,86,100,90,80,56,54,100,30,67,7,0,0,3
30,88,76,100,88,71,59,43,100,41,98,10,47,0,0,16,3
17,74,42,100,100,98,73,70,86,51,95,24,53,0,0,3,3
0,84,34,100,100,98,88,75,80,52,100,30,80,9,20,0,3
37,94,72,100,100,93,76,74,59,51,60,25,34,8,0,0,3
33,87,68,100,87,79,71,53,100,31,86,7,43,0,0,1,3
24,78,51,100,91,89,70,63,98,43,100,17,53,0,0,10,3
0,61,20,91,73,100,88,76,61,58,100,32,78,2,25,0,3
0,86,37,98,79,100,60,82,81,57,100,31,70,9,30,0,3
15,90,58,100,100,92,71,72,53,51,66,28,48,7,0,0,3
1,90,50,100,98,90,72,62,100,44,90,15,43,0,0,12,3
2,85,43,100,66,79,54,52,100,39,97,13,51,2,0,0,3
24,92,61,100,100,99,81,79,59,57,56,31,35,9,0,0,3
0,88,55,100,85,79,21,55,22,48,100,39,73,13,1,0,3
54,88,80,100,81,68,68,41,100,23,76,1,36,0,0,13,3
42,86,71,100,69,72,98,54,100,26,76,3,32,0,0,18,3
20,80,54,100,83,84,58,63,100,49,87,17,45,0,0,14,3
45,84,68,100,77,73,53,45,100,35,86,11,37,0,0,16,3
30,75,54,100,100,99,74,72,79,46,88,18,43,0,0,12,3
40,81,77,100,100,86,78,59,97,36,93,10,47,0,0,10,3
0,86,47,100,91,88,56,62,58,40,100,19,59,4,8,0,3
23,96,79,100,100,86,74,66,72,44,88,23,53,6,0,0,3
32,78,59,100,91,88,68,58,100,41,94,12,43,0,0,10,3
5,90,55,100,78,84,31,65,71,51,100,23,52,5,0,0,3
5,85,56,100,82,78,38,55,52,48,100,29,63,5,0,0,3
30,84,61,100,85,79,67,54,95,39,100,14,54,0,0,10,3
0,87,47,100,97,87,94,69,92,50,100,31,81,13,22,0,3
43,75,62,100,91,87,77,57,100,38,87,11,42,0,0,15,3
0,73,25,100,69,95,55,58,100,56,90,21,47,0,2,8,3
1,83,45,100,100,93,67,66,66,50,96,23,62,0,0,5,3
4,88,39,100,59,78,60,55,100,42,88,19,47,6,0,0,3
0,88,45,100,100,99,96,76,69,54,69,29,69,5,18,0,3
10,78,43,100,78,86,57,59,100,46,82,17,41,0,0,9,3
30,84,63,100,90,86,67,58,100,39,75,13,36,0,0,13,3
26,93,63,100,77,78,56,54,100,41,98,17,52,6,0,0,3
47,87,89,100,91,75,67,56,100,39,80,11,37,0,0,18,3
1,82,42,100,64,79,42,61,96,49,100,17,48,0,0,13,3
0,85,21,100,66,98,83,77,90,53,100,30,75,10,35,0,3
